00008 1000
00011 1000
00015 1000
00047 1000
00061 1000
00111 1000
00115 1000
00128 1000
00147 1000
00176 1000
00211 1000
00215 1000
00222 1000
00247 1000
00285 1000
00311 1000
00315 1000
00339 1000
00347 1000
00411 1000
00415 1000
00447 1000
00496 1000
00511 1000
00511 1000
00515 1000
00525 1000
00547 1000
00569 1000
00611 1000
00615 1000
00634 1000
00647 1000
00666 1000
00687 1000
00711 1000
00715 1000
00747 1000
00770 1000
00811 1000
00815 1000
00847 1000
00911 1000
00915 1000
00939 1000
00947 1000
01011 1000
01015 1000
01038 1000
01047 1000
01111 1000
01115 1000
01147 1000
01149 1000
01211 1000
01215 1000
01215 1000
01229 1000
01245 1000
01247 1000
01280 1000
01293 1000
01311 1000
01315 1000
01329 1000
01347 1000
01403 1000
01411 1000
01415 1000
01429 1000
01446 1000
01447 1000
01495 1000
01511 1000
01515 1000
01547 1000
01611 1000
01615 1000
01647 1000
01711 1000
01715 1000
01723 1000
01738 1000
01747 1000
01811 1000
01813 1000
01815 1000
01816 1000
01832 1000
01834 1000
01847 1000
01911 1000
01915 1000
01922 1000
01947 1000
01977 1000
02011 1000
02015 1000
02047 1000
02111 1000
02111 1000
02115 1000
02133 1000
02147 1000
02211 1000
02215 1000
02244 1000
02247 1000
02252 1000
02315 1000
02321 1000
02324 1000
02347 1000
02395 1000
02399 1000
02411 1000
02415 1000
02447 1000
02462 1000
02473 1000
02511 1000
02515 1000
02547 1000
02597 1000
02611 1000
02615 1000
02647 1000
02711 1000
02715 1000
02715 1000
02726 1000
02747 1000
02804 1000
02810 1000
02811 1000
02815 1000
02815 1000
02847 1000
02905 1000
02911 1000
02911 1000
02915 1000
02947 1000
02965 1000
02989 1000
02990 1000
03011 1000
03015 1000
03015 1000
03038 1000
03047 1000
03101 1000
03111 1000
03115 1000
03147 1000
03211 1000
03215 1000
03247 1000
03268 1000
03300 1000
03301 1000
03302 1000
03303 1000
03304 1000
03305 1000
03305 1000
03306 1000
03307 1000
03308 1000
03309 1000
03310 1000
03311 1000
03311 1000
03312 1000
03313 1000
03314 1000
03315 1000
03315 1000
03316 1000
03317 1000
03318 1000
03319 1000
03320 1000
03321 1000
03322 1000
03323 1000
03324 1000
03325 1000
03326 1000
03327 1000
03328 1000
03329 1000
03330 1000
03331 1000
03332 1000
03333 1000
03334 1000
03335 1000
03336 1000
03337 1000
03338 1000
03339 1000
03340 1000
03341 1000
03342 1000
03343 1000
03344 1000
03345 1000
03346 1000
03346 2000
00334 74.000.000DE EUROS
03348 0000
03348 1000
03349 1000
03350 1000
03351 1000
03352 1000
03353 1000
03354 1000
03355 1000
03356 1000
03357 1000
03358 1000
03359 1000
03360 1000
03361 1000
03362 1000
03363 1000
03364 1000
03365 1000
03366 1000
03367 1000
03368 1000
03369 1000
03370 1000
03371 1000
03372 1000
03373 1000
03374 1000
03375 1000
03376 1000
03377 1000
03378 1000
03379 1000
03380 1000
03381 1000
03382 1000
03383 1000
03384 1000
03385 1000
03386 1000
03387 1000
03388 1000
03389 1000
03390 1000
03391 1000
03392 1000
03393 1000
03394 1000
03395 1000
03396 1000
03397 1000
03398 1000
03399 1000
03411 1000
03415 1000
03447 1000
03511 1000
03514 1000
03515 1000
03547 1000
03560 1000
03611 1000
03615 1000
03632 1000
03643 1000
03647 1000
03680 1000
03711 1000
03715 1000
03743 1000
03747 1000
03811 1000
03815 1000
03847 1000
03851 1000
03911 1000
03915 1000
03947 1000
03964 1000
04011 1000
04015 1000
04017 1000
04036 1000
04046 1000
04047 1000
04111 1000
04115 1000
04147 1000
04200 1000
04201 1000
04202 1000
04203 1000
04204 1000
04205 1000
04206 1000
04207 1000
04208 1000
04209 1000
04210 1000
04210 9600
04211 500.000EUROS
04212 9600
04212 1000
04213 1000
04214 1000
04215 1000
04215 1000
04216 1000
04217 1000
04218 1000
04219 1000
04220 1000
04221 1000
04222 1000
04223 1000
04224 1000
04225 1000
04226 1000
04227 1000
04228 1000
04229 1000
04230 1000
04231 1000
04232 1000
04233 1000
04234 1000
04235 1000
04236 1000
04237 1000
04238 1000
04239 1000
04240 1000
04241 1000
04242 1000
04243 1000
04244 1000
04245 1000
04246 1000
04247 1000
04247 1000
04248 1000
04249 1000
04250 1000
04251 1000
04252 1000
04253 1000
04254 1000
04255 1000
04256 1000
04257 1000
04258 1000
04259 1000
04260 1000
04261 1000
04262 1000
04263 1000
04264 1000
04265 1000
04266 1000
04267 1000
04268 1000
04269 1000
04270 1000
04271 1000
04272 1000
04273 1000
04274 1000
04275 1000
04276 1000
04277 1000
04278 1000
04279 1000
04280 1000
04281 1000
04282 1000
04283 1000
04284 1000
04285 1000
04286 1000
04287 1000
04288 1000
04289 1000
04290 1000
04291 1000
04292 1000
04293 1000
04294 1000
04295 1000
04296 1000
04297 1000
04298 1000
04299 1000
04311 1000
04315 1000
04347 1000
04411 1000
04415 1000
04447 1000
04458 1000
04480 1000
04511 1000
04513 1000
04515 1000
04547 1000
04611 1000
04615 1000
04641 1000
04647 1000
04711 1000
04715 1000
04747 1000
04811 1000
04815 1000
04847 1000
04896 1000
04911 1000
04913 1000
04915 1000
04919 1000
04923 1000
04947 1000
04952 1000
04956 1000
04969 1000
04979 1000
05011 1000
05015 1000
05032 1000
05047 1000
05048 1000
05057 1000
05059 1000
05060 1000
05081 1000
05101 1000
05111 1000
05115 1000
05137 1000
05141 1000
05147 1000
05185 1000
05211 1000
05215 1000
05247 1000
05261 1000
05311 1000
05315 1000
05347 1000
05398 1000
05411 1000
05415 1000
05416 1000
05447 1000
05459 1000
05495 1000
05511 1000
05515 1000
05527 1000
05547 1000
05611 1000
05615 1000
05647 1000
05678 1000
05711 1000
05715 1000
05747 1000
05779 1000
05811 1000
05815 1000
05828 1000
05847 1000
05852 1000
05911 1000
05915 1000
05947 1000
05986 1000
06011 1000
06015 1000
06047 1000
06111 1000
06115 1000
06147 1000
06164 1000
06193 1000
06200 1000
06211 1000
06215 1000
06236 1000
06247 1000
06287 1000
06311 1000
06315 1000
06325 1000
06347 1000
06370 1000
06390 1000
06411 1000
06415 1000
06420 1000
06438 1000
06447 1000
06447 1000
06486 1000
06511 1000
06511 1000
06515 1000
06547 1000
06611 1000
06615 1000
06635 1000
06642 1000
06647 1000
06711 1000
06715 1000
06747 1000
06811 1000
06815 1000
06847 1000
06851 1000
06856 1000
06911 1000
06915 1000
06947 1000
07011 1000
07015 1000
07047 1000
07111 1000
07115 1000
07115 1000
07116 1000
07147 1000
07196 1000
07211 1000
07215 1000
07234 1000
07247 1000
07281 1000
07311 1000
07315 1000
07347 1000
07411 1000
07415 1000
07447 1000
07452 1000
07511 1000
07515 1000
07547 1000
07615 1000
07647 1000
07689 1000
07711 1000
07715 1000
07747 1000
07811 1000
07815 1000
07832 1000
07847 1000
07911 1000
07915 1000
07938 1000
07947 1000
07952 1000
07992 1000
08011 1000
08015 1000
08034 1000
08047 1000
08065 1000
08111 1000
08115 1000
08147 1000
08211 1000
08215 1000
08216 1000
08247 1000
08273 1000
08283 1000
08311 1000
08315 1000
08347 1000
08375 1000
08408 1000
08411 1000
08415 1000
08447 1000
08456 1000
08463 1000
08464 1000
08511 1000
08515 1000
08532 1000
08547 1000
08611 1000
08615 1000
08634 1000
08647 1000
08711 1000
08715 1000
08723 1000
08739 1000
08747 1000
08772 1000
08811 1000
08815 1000
08847 1000
08849 1000
08860 1000
08878 1000
08911 1000
08915 1000
08947 1000
09011 1000
09015 1000
09047 1000
09111 1000
09115 1000
09147 1000
09211 1000
09215 1000
09230 1000
09231 1000
09247 1000
09252 1000
09311 1000
09315 1000
09327 1000
09347 1000
09361 1000
09411 1000
09415 1000
09427 1000
09428 1000
09447 1000
09511 1000
09515 1000
09547 1000
09564 1000
09611 1000
09615 1000
09647 1000
09711 1000
09715 1000
09747 1000
09811 1000
09815 1000
09834 1000
09847 1000
09911 1000
09915 1000
09947 1000
10011 1000
10015 1000
10047 1000
10060 1000
10080 1000
10083 1000
10107 1000
10109 1000
10111 1000
10115 1000
10125 1000
10147 1000
10211 1000
10215 1000
10247 1000
10288 1000
10311 1000
10315 1000
10322 1000
10324 1000
10328 1000
10347 1000
10365 1000
10411 1000
10412 1000
10415 1000
10425 1000
10437 1000
10447 1000
10458 1000
10490 1000
10511 1000
10511 1000
10515 1000
10537 1000
10547 1000
10571 1000
10589 1000
10598 1000
10611 1000
10615 1000
10647 1000
10685 1000
10687 1000
10690 1000
10711 1000
10715 1000
10747 1000
10811 1000
10815 1000
10847 1000
10873 1000
10911 1000
10915 1000
10947 1000
11011 1000
11015 1000
11026 1000
11047 1000
11069 1000
11111 1000
11115 1000
11147 1000
11211 1000
11215 1000
11224 1000
11247 1000
11261 1000
11296 1000
11311 1000
11315 1000
11341 1000
11347 1000
11379 1000
11411 1000
11415 1000
11444 1000
11447 1000
11511 1000
11515 1000
11547 1000
11611 1000
11615 1000
11631 1000
11647 1000
11711 1000
11715 1000
11731 1000
11747 1000
11811 1000
11815 1000
11842 1000
11847 1000
11911 1000
11913 1000
11914 1000
11915 1000
11947 1000
12005 1000
12011 1000
12013 1000
12015 1000
12017 1000
12047 1000
12066 1000
12081 1000
12100 1000
12111 1000
12115 1000
12127 1000
12147 1000
12151 1000
12211 1000
12215 1000
12222 1000
12247 1000
12247 1000
12274 1000
12301 1000
12311 1000
12315 1000
12341 1000
12344 1000
12347 1000
12395 1000
12411 1000
12415 1000
12443 1000
12447 1000
12511 1000
12515 1000
12546 1000
12547 1000
12611 1000
12615 1000
12639 1000
12647 1000
12711 1000
12715 1000
12747 1000
12799 1000
12811 1000
12815 1000
12847 1000
12870 1000
12874 1000
12893 1000
12911 1000
12915 1000
12947 1000
13011 1000
13015 1000
13047 1000
13051 1000
13089 1000
13111 1000
13115 1000
13125 1000
13131 1000
13143 1000
13147 1000
13190 1000
13211 1000
13215 1000
13247 1000
13311 1000
13315 1000
13347 1000
13411 1000
13415 1000
13447 1000
13511 1000
13515 1000
13547 1000
13550 1000
13611 1000
13615 1000
13627 1000
13647 1000
13711 1000
13715 1000
13726 1000
13747 1000
13779 1000
13804 1000
13811 1000
13815 1000
13843 1000
13847 1000
13911 1000
13915 1000
13918 1000
13947 1000
13993 1000
14011 1000
14015 1000
14037 1000
14047 1000
14072 1000
14087 1000
14111 1000
14115 1000
14119 1000
14145 1000
14147 1000
14211 1000
14214 1000
14215 1000
14247 1000
14311 1000
14315 1000
14320 1000
14347 1000
14411 1000
14415 1000
14447 1000
14455 1000
14460 1000
14511 1000
14515 1000
14520 1000
14547 1000
14580 1000
14611 1000
14615 1000
14616 1000
14627 1000
14647 1000
14648 1000
14711 1000
14715 1000
14743 1000
14747 1000
14811 1000
14815 1000
14845 1000
14847 1000
14869 1000
14887 1000
14905 1000
14911 1000
14915 1000
14943 1000
14947 1000
15011 1000
15015 1000
15042 1000
15047 1000
15055 1000
15071 1000
15081 1000
15111 1000
15115 1000
15142 1000
15147 1000
15211 1000
15215 1000
15247 1000
15311 1000
15312 1000
15315 1000
15326 1000
15347 1000
15349 1000
15411 1000
15415 1000
15445 1000
15447 1000
15479 1000
15509 1000
15511 1000
15515 1000
15547 1000
15611 1000
15615 1000
15647 1000
15664 1000
15675 1000
15695 1000
15711 1000
15715 1000
15747 1000
15752 1000
15792 1000
15811 1000
15815 1000
15834 1000
15847 1000
15865 1000
15898 1000
15902 1000
15907 1000
15911 1000
15915 1000
15926 1000
15937 1000
15941 1000
15947 1000
15992 1000
16011 1000
16015 1000
16047 1000
16081 1000
16111 1000
16115 1000
16147 1000
16211 1000
16215 1000
16242 1000
16247 1000
16311 1000
16315 1000
16338 1000
16347 1000
16382 1000
16411 1000
16415 1000
16447 1000
16487 1000
16505 1000
16511 1000
16515 1000
16544 1000
16547 1000
16558 1000
16611 1000
16615 1000
16647 1000
16711 1000
16715 1000
16747 1000
16754 1000
16779 1000
16811 1000
16815 1000
16831 1000
16836 1000
16847 1000
16911 1000
16915 1000
16927 1000
16947 1000
16949 1000
17001 1000
17011 1000
17015 1000
17028 1000
17038 1000
17047 1000
17111 1000
17115 1000
17147 1000
17211 1000
17215 1000
17247 1000
17268 1000
17311 1000
17315 1000
17329 1000
17347 1000
17352 1000
17411 1000
17415 1000
17417 1000
17447 1000
17452 1000
17511 1000
17515 1000
17547 1000
17594 1000
17611 1000
17615 1000
17647 1000
17663 1000
17711 1000
17715 1000
17718 1000
17747 1000
17768 1000
17769 1000
17806 1000
17811 1000
17815 1000
17847 1000
17852 1000
17884 1000
17885 1000
17911 1000
17912 1000
17914 1000
17915 1000
17947 1000
17960 1000
17969 1000
17982 1000
17985 1000
18011 1000
18015 1000
18026 1000
18028 1000
18047 1000
18096 1000
18111 1000
18115 1000
18121 1000
18147 1000
18183 1000
18198 1000
18211 1000
18215 1000
18227 1000
18247 1000
18258 1000
18285 1000
18311 1000
18312 1000
18315 1000
18347 1000
18370 1000
18392 1000
18411 1000
18415 1000
18447 1000
18511 1000
18515 1000
18521 1000
18547 1000
18573 1000
18615 1000
18647 1000
18651 1000
18655 1000
18670 1000
18711 1000
18715 1000
18737 1000
18739 1000
18747 1000
18772 1000
18811 1000
18815 1000
18847 1000
18911 1000
18915 1000
18947 1000
19011 1000
19015 1000
19047 1000
19074 1000
19111 1000
19115 1000
19147 1000
19149 1000
19187 1000
19211 1000
19215 1000
19247 1000
19262 1000
19311 1000
19315 1000
19347 1000
19361 1000
19377 1000
19409 1000
19411 1000
19415 1000
19447 1000
19511 1000
19515 1000
19547 1000
19605 1000
19611 1000
19615 1000
19617 1000
19647 1000
19689 1000
19711 1000
19715 1000
19747 1000
19811 1000
19815 1000
19816 1000
19822 1000
19826 1000
19831 1000
19847 1000
19900 1000
19907 1000
19911 1000
19915 1000
19947 1000
20011 1000
20015 1000
20047 1000
20111 1000
20115 1000
20117 1000
20147 1000
20159 1000
20214 1000
20215 1000
20225 1000
20235 1000
20247 1000
20281 1000
20311 1000
20315 1000
20347 1000
20411 1000
20415 1000
20447 1000
20483 1000
20511 1000
20515 1000
20547 1000
20571 1000
20574 1000
20611 1000
20615 1000
20647 1000
20711 1000
20715 1000
20731 1000
20740 1000
20747 1000
20752 1000
20811 1000
20815 1000
20847 1000
20906 1000
20911 1000
20915 1000
20924 1000
20947 1000
21000 1000
21001 1000
21002 1000
21003 1000
21004 1000
21005 1000
21006 1000
21007 1000
21008 1000
21009 1000
21010 1000
21011 1000
21011 1000
21012 1000
21013 1000
21014 1000
21014 1250
21015 1.250.000EUROS
21016 2500
21016 1000
21017 1000
21018 1000
21019 1000
21020 1000
21021 1000
21022 1000
21023 1000
21024 1000
21025 1000
21026 1000
21027 1000
21028 1000
21029 1000
21030 1000
21031 1000
21032 1000
21033 1000
21034 1000
21035 1000
21036 1000
21036 1000
21037 1000
21038 1000
21039 1000
21040 1000
21041 1000
21042 1000
21043 1000
21044 1000
21045 1000
21046 1000
21047 1000
21047 1000
21048 1000
21049 1000
21050 1000
21051 1000
21052 1000
21053 1000
21054 1000
21055 1000
21056 1000
21057 1000
21058 1000
21059 1000
21060 1000
21061 1000
21062 1000
21063 1000
21064 1000
21065 1000
21066 1000
21067 1000
21068 1000
21069 1000
21070 1000
21071 1000
21072 1000
21073 1000
21074 1000
21075 1000
21076 1000
21077 1000
21078 1000
21079 1000
21080 1000
21081 1000
21082 1000
21083 1000
21084 1000
21085 1000
21086 1000
21087 1000
21088 1000
21089 1000
21090 1000
21091 1000
21092 1000
21093 1000
21093 1000
21094 1000
21095 1000
21096 1000
21097 1000
21098 1000
21099 1000
21111 1000
21115 1000
21147 1000
21149 1000
21205 1000
21211 1000
21215 1000
21247 1000
21265 1000
21280 1000
21311 1000
21315 1000
21316 1000
21336 1000
21342 1000
21347 1000
21355 1000
21406 1000
21411 1000
21415 1000
21447 1000
21495 1000
21502 1000
21511 1000
21515 1000
21547 1000
21555 1000
21611 1000
21615 1000
21647 1000
21711 1000
21715 1000
21747 1000
21757 1000
21760 1000
21784 1000
21811 1000
21815 1000
21847 1000
21889 1000
21911 1000
21915 1000
21936 1000
21947 1000
21986 1000
21994 1000
22011 1000
22015 1000
22047 1000
22111 1000
22115 1000
22131 1000
22147 1000
22179 1000
22195 1000
22211 1000
22215 1000
22247 1000
22271 1000
22282 1000
22311 1000
22315 1000
22343 1000
22347 1000
22393 1000
22411 1000
22415 1000
22447 1000
22467 1000
22511 1000
22515 1000
22524 1000
22547 1000
22586 1000
22611 1000
22615 1000
22626 1000
22645 1000
22647 1000
22668 1000
22695 1000
22711 1000
22715 1000
22747 1000
22754 1000
22759 1000
22765 1000
22770 1000
22799 1000
22811 1000
22815 1000
22847 1000
22911 1000
22915 1000
22943 1000
22947 1000
22951 1000
22996 1000
22997 1000
23011 1000
23015 1000
23047 1000
23048 1000
23099 1000
23103 1000
23111 1000
23115 1000
23127 1000
23147 1000
23185 1000
23188 1000
23211 1000
23215 1000
23247 1000
23267 1000
23276 1000
23311 1000
23315 1000
23329 1000
23347 1000
23379 1000
23411 1000
23415 1000
23447 1000
23506 1000
23511 1000
23515 1000
23525 1000
23547 1000
23581 1000
23611 1000
23615 1000
23620 1000
23630 1000
23635 1000
23647 1000
23651 1000
23687 1000
23711 1000
23715 1000
23747 1000
23754 1000
23771 1000
23780 1000
23793 1000
23809 1000
23811 1000
23815 1000
23831 1000
23847 1000
23877 1000
23894 1000
23911 1000
23915 1000
23926 1000
23938 1000
23947 1000
24011 1000
24015 1000
24026 1000
24046 1000
24047 1000
24056 1000
24107 1000
24111 1000
24115 1000
24144 1000
24147 1000
24173 1000
24211 1000
24215 1000
24247 1000
24311 1000
24315 1000
24347 1000
24372 1000
24400 1000
24411 1000
24415 1000
24447 1000
24511 1000
24514 1000
24515 1000
24534 1000
24544 1000
24547 1000
24552 1000
24569 1000
24609 1000
24611 1000
24615 1000
24630 1000
24639 1000
24647 1000
24711 1000
24715 1000
24747 1000
24811 1000
24815 1000
24837 1000
24847 1000
24911 1000
24915 1000
24947 1000
24960 1000
24994 1000
25007 1000
25011 1000
25015 1000
25035 1000
25043 1000
25047 1000
25111 1000
25115 1000
25147 1000
25211 1000
25215 1000
25247 1000
25262 1000
25311 1000
25315 1000
25345 1000
25347 1000
25411 1000
25415 1000
25447 1000
25470 1000
25511 1000
25515 1000
25547 1000
25584 1000
25611 1000
25611 1000
25615 1000
25647 1000
25711 1000
25715 1000
25747 1000
25811 1000
25815 1000
25820 1000
25847 1000
25911 1000
25915 1000
25947 1000
25950 1000
26011 1000
26015 1000
26034 1000
26047 1000
26111 1000
26115 1000
26141 1000
26147 1000
26171 1000
26174 1000
26211 1000
26215 1000
26221 1000
26247 1000
26298 1000
26311 1000
26315 1000
26347 1000
26372 1000
26411 1000
26415 1000
26426 1000
26446 1000
26447 1000
26511 1000
26515 1000
26541 1000
26547 1000
26611 1000
26615 1000
26634 1000
26647 1000
26665 1000
26711 1000
26715 1000
26730 1000
26747 1000
26795 1000
26811 1000
26815 1000
26847 1000
26906 1000
26911 1000
26915 1000
26933 1000
26947 1000
27011 1000
27015 1000
27015 1000
27047 1000
27097 1000
27111 1000
27115 1000
27147 1000
27211 1000
27215 1000
27247 1000
27311 1000
27315 1000
27342 1000
27347 1000
27352 1000
27362 1000
27367 1000
27376 1000
27411 1000
27415 1000
27422 1000
27433 1000
27447 1000
27511 1000
27515 1000
27547 1000
27548 1000
27566 1000
27581 1000
27592 1000
27600 1000
27611 1000
27615 1000
27622 1000
27647 1000
27667 1000
27711 1000
27715 1000
27747 1000
27811 1000
27815 1000
27847 1000
27851 1000
27911 1000
27915 1000
27935 1000
27947 1000
27972 1000
27982 1000
28011 1000
28015 1000
28019 1000
28026 1000
28047 1000
28111 1000
28115 1000
28147 1000
28195 1000
28202 1000
28211 1000
28214 1000
28215 1000
28247 1000
28290 1000
28300 1000
28311 1000
28315 1000
28347 1000
28411 1000
28413 1000
28415 1000
28432 1000
28433 1000
28447 1000
28501 1000
28511 1000
28511 1000
28515 1000
28547 1000
28611 1000
28615 1000
28624 1000
28632 1000
28637 1000
28647 1000
28711 1000
28715 1000
28727 1000
28747 1000
28761 1000
28811 1000
28815 1000
28847 1000
28886 1000
28911 1000
28915 1000
28947 1000
28985 1000
29011 1000
29015 1000
29077 1000
29078 1000
29079 1000
29111 1000
29115 1000
29147 1000
29178 1000
29211 1000
29215 1000
29247 1000
29311 1000
29315 1000
29347 1000
29360 1000
29411 1000
29415 1000
29423 1000
29447 1000
29450 1000
29511 1000
29515 1000
29547 1000
29592 1000
29611 1000
29615 1000
29623 1000
29627 1000
29647 1000
29666 1000
29711 1000
29715 1000
29732 1000
29747 1000
29765 1000
29811 1000
29815 1000
29847 1000
29871 1000
29911 1000
29915 1000
29947 1000
29971 1000
29982 1000
30004 1000
30011 1000
30015 1000
30047 1000
30099 1000
30111 1000
30115 1000
30120 1000
30147 1000
30167 1000
30180 1000
30211 1000
30211 1000
30215 1000
30247 1000
30255 1000
30274 1000
30311 1000
30315 1000
30347 1000
30351 1000
30411 1000
30414 1000
30415 1000
30447 1000
30507 1000
30511 1000
30515 1000
30520 1000
30547 1000
30607 1000
30610 1000
30611 1000
30615 1000
30631 1000
30646 1000
30647 1000
30656 1000
30666 1000
30687 1000
30706 1000
30711 1000
30715 1000
30747 1000
30753 1000
30811 1000
30815 1000
30825 1000
30831 1000
30847 1000
30860 1000
30863 1000
30911 1000
30915 1000
30947 1000
30961 1000
31009 1000
31011 1000
31015 1000
31047 1000
31047 1000
31070 1000
31088 1000
31111 1000
31115 1000
31147 1000
31211 1000
31215 1000
31226 1000
31247 1000
31270 1000
31299 1000
31311 1000
31315 1000
31331 1000
31336 1000
31347 1000
31349 1000
31394 1000
31407 1000
31411 1000
31415 1000
31447 1000
31492 1000
31511 1000
31515 1000
31531 1000
31547 1000
31611 1000
31615 1000
31647 1000
31653 1000
31683 1000
31698 1000
31699 1000
31711 1000
31715 1000
31747 1000
31773 1000
31804 1000
31811 1000
31815 1000
31847 1000
31911 1000
31915 1000
31947 1000
32002 1000
32011 1000
32015 1000
32047 1000
32111 1000
32115 1000
32147 1000
32191 1000
32211 1000
32215 1000
32247 1000
32311 1000
32315 1000
32347 1000
32369 1000
32385 1000
32392 1000
32411 1000
32415 1000
32443 1000
32447 1000
32510 1000
32511 1000
32515 1000
32547 1000
32554 1000
32564 1000
32610 1000
32611 1000
32615 1000
32641 1000
32647 1000
32711 1000
32715 1000
32747 1000
32766 1000
32811 1000
32815 1000
32847 1000
32911 1000
32915 1000
32947 1000
32975 1000
33011 1000
33013 1000
33015 1000
33047 1000
33060 1000
33111 1000
33115 1000
33147 1000
33177 1000
33201 1000
33211 1000
33215 1000
33231 1000
33247 1000
33311 1000
33315 1000
33347 1000
33366 1000
33411 1000
33415 1000
33447 1000
33511 1000
33515 1000
33540 1000
33547 1000
33602 1000
33611 1000
33615 1000
33647 1000
33694 1000
33711 1000
33715 1000
33747 1000
33783 1000
33784 1000
33811 1000
33815 1000
33847 1000
33875 1000
33904 1000
33911 1000
33915 1000
33947 1000
33984 1000
34011 1000
34015 1000
34047 1000
34057 1000
34111 1000
34115 1000
34147 1000
34156 1000
34181 1000
34197 1000
34211 1000
34215 1000
34237 1000
34247 1000
34248 1000
34274 1000
34311 1000
34315 1000
34321 1000
34322 1000
34339 1000
34347 1000
34411 1000
34415 1000
34447 1000
34511 1000
34515 1000
34547 1000
34611 1000
34615 1000
34640 1000
34647 1000
34711 1000
34715 1000
34747 1000
34811 1000
34815 1000
34847 1000
34866 1000
34876 1000
34897 1000
34911 1000
34915 1000
34947 1000
35011 1000
35015 1000
35033 1000
35047 1000
35090 1000
35111 1000
35115 1000
35127 1000
35147 1000
35156 1000
35178 1000
35180 1000
35211 1000
35215 1000
35247 1000
35269 1000
35311 1000
35315 1000
35341 1000
35347 1000
35405 1000
35411 1000
35415 1000
35447 1000
35511 1000
35515 1000
35547 1000
35598 1000
35611 1000
35615 1000
35632 1000
35647 1000
35678 1000
35697 1000
35711 1000
35715 1000
35747 1000
35778 1000
35783 1000
35806 1000
35810 1000
35811 1000
35815 1000
35847 1000
35911 1000
35915 1000
35947 1000
35978 1000
36011 1000
36015 1000
36047 1000
36068 1000
36109 1000
36111 1000
36115 1000
36129 1000
36147 1000
36154 1000
36211 1000
36215 1000
36247 1000
36257 1000
36277 1000
36293 1000
36311 1000
36315 1000
36332 1000
36347 1000
36411 1000
36411 1000
36415 1000
36447 1000
36465 1000
36511 1000
36515 1000
36547 1000
36611 1000
36615 1000
36623 1000
36647 1000
36684 1000
36709 1000
36711 1000
36715 1000
36719 1000
36747 1000
36796 1000
36811 1000
36815 1000
36847 1000
36911 1000
36915 1000
36947 1000
36952 1000
37011 1000
37015 1000
37021 1000
37042 1000
37043 1000
37047 1000
37111 1000
37115 1000
37147 1000
37211 1000
37212 1000
37215 1000
37247 1000
37261 1000
37311 1000
37315 1000
37315 1000
37328 1000
37347 1000
37403 1000
37411 1000
37415 1000
37426 1000
37447 1000
37511 1000
37515 1000
37547 1000
37580 1000
37607 1000
37611 1000
37615 1000
37642 1000
37647 1000
37711 1000
37715 1000
37747 1000
37811 1000
37815 1000
37847 1000
37901 1000
37911 1000
37915 1000
37947 1000
38011 1000
38015 1000
38021 1000
38047 1000
38111 1000
38115 1000
38147 1000
38187 1000
38211 1000
38215 1000
38247 1000
38311 1000
38315 1000
38347 1000
38361 1000
38411 1000
38415 1000
38424 1000
38447 1000
38511 1000
38515 1000
38528 1000
38547 1000
38554 1000
38611 1000
38615 1000
38647 1000
38666 1000
38711 1000
38715 1000
38721 1000
38728 1000
38747 1000
38811 1000
38815 1000
38843 1000
38847 1000
38886 1000
38911 1000
38915 1000
38921 1000
38938 1000
38947 1000
39011 1000
39015 1000
39034 1000
39047 1000
39057 1000
39111 1000
39115 1000
39147 1000
39211 1000
39215 1000
39230 1000
39247 1000
39257 1000
39311 1000
39315 1000
39347 1000
39382 1000
39411 1000
39415 1000
39447 1000
39511 1000
39512 1000
39515 1000
39517 1000
39530 1000
39547 1000
39611 1000
39615 1000
39647 1000
39660 1000
39668 1000
39681 1000
39699 1000
39711 1000
39715 1000
39723 1000
39747 1000
39811 1000
39815 1000
39844 1000
39845 1000
39847 1000
39867 1000
39897 1000
39906 1000
39911 1000
39915 1000
39947 1000
39953 1000
40011 1000
40015 1000
40047 1000
40111 1000
40115 1000
40119 1000
40145 1000
40147 1000
40184 1000
40211 1000
40215 1000
40247 1000
40254 1000
40295 1000
40296 1000
40300 1000
40311 1000
40315 1000
40347 1000
40375 1000
40411 1000
40415 1000
40447 1000
40485 1000
40511 1000
40515 1000
40526 1000
40528 1000
40538 1000
40547 1000
40611 1000
40615 1000
40647 1000
40683 1000
40711 1000
40715 1000
40747 1000
40811 1000
40815 1000
40816 1000
40847 1000
40911 1000
40915 1000
40947 1000
40966 1000
41011 1000
41015 1000
41022 1000
41038 1000
41047 1000
41053 1000
41058 1000
41070 1000
41111 1000
41114 1000
41115 1000
41147 1000
41211 1000
41215 1000
41247 1000
41311 1000
41315 1000
41347 1000
41374 1000
41377 1000
41385 1000
41409 1000
41411 1000
41415 1000
41447 1000
41462 1000
41474 1000
41511 1000
41515 1000
41533 1000
41547 1000
41553 1000
41611 1000
41615 1000
41647 1000
41696 1000
41711 1000
41715 1000
41737 1000
41747 1000
41793 1000
41800 1000
41811 1000
41815 1000
41828 1000
41847 1000
41911 1000
41915 1000
41918 1000
41947 1000
42011 1000
42015 1000
42047 1000
42065 1000
42067 1000
42097 1000
42111 1000
42115 1000
42147 1000
42162 1000
42200 1000
42201 1000
42202 1000
42203 1000
42204 1000
42205 1000
42208 1000
42209 1000
42210 1000
42211 1000
42211 1000
42212 1000
42213 1000
42214 1000
42215 1000
42215 1000
42216 1000
42217 1000
42218 1000
42219 1000
42220 1000
42221 1000
42222 1000
42223 1000
42224 1000
42225 1000
42226 1000
42227 1000
42228 1000
42229 1000
42230 1000
42231 1000
42232 1000
42233 1000
42234 1000
42235 1000
42236 1000
42237 1000
42238 1000
42239 1000
42240 1000
42241 1000
42242 1000
42243 1000
42244 1000
42245 1000
42246 1000
42247 1000
42247 1000
42248 1000
42249 1000
42250 1000
42251 1000
42252 1000
42253 1000
42254 1000
42255 1000
42256 1000
42257 1000
42258 1000
42259 1000
42260 1000
42261 1000
42262 1000
42263 1000
42264 1000
42265 1000
42266 1000
42267 1000
42268 1000
42269 1000
42270 1000
42271 1000
42272 1000
42273 1000
42274 1000
42275 1000
42276 1000
42277 1000
42278 1000
42279 1000
42280 1000
42281 1000
42282 1000
42283 1000
42284 1000
42285 1000
42286 1000
42287 1000
42288 1000
42289 1000
42290 1000
42291 1000
42292 1000
42293 1000
42294 1000
42295 1000
42296 1000
42297 1000
42298 1000
42299 1000
42311 1000
42315 1000
42334 1000
42347 1000
42393 1000
42406 1000
42410 1000
42411 1000
42415 1000
42447 1000
42450 1000
42467 1000
42485 1000
42511 1000
42515 1000
42525 1000
42547 1000
42611 1000
42615 1000
42647 1000
42653 1000
42674 1000
42711 1000
42715 1000
42739 1000
42747 1000
42778 1000
42811 1000
42815 1000
42827 1000
42847 1000
42847 1000
42882 1000
42911 1000
42915 1000
42947 1000
42962 1000
43011 1000
43015 1000
43047 1000
43111 1000
43115 1000
43147 1000
43211 1000
43215 1000
43247 1000
43273 1000
43311 1000
43315 1000
43347 1000
43411 1000
43415 1000
43447 1000
43453 1000
43511 1000
43515 1000
43527 1000
43528 1000
43547 1000
43608 1000
43611 1000
43615 1000
43643 1000
43647 1000
43655 1000
43709 1000
43710 1000
43711 1000
43715 1000
43747 1000
43806 1000
43811 1000
43815 1000
43847 1000
43854 1000
43873 1000
43895 1000
43907 1000
43911 1000
43915 1000
43947 1000
43988 1000
44011 1000
44015 1000
44015 1000
44047 1000
44111 1000
44115 1000
44146 1000
44147 1000
44159 1000
44160 1000
44167 1000
44211 1000
44215 1000
44247 1000
44291 1000
44311 1000
44315 1000
44343 1000
44347 1000
44364 1000
44411 1000
44415 1000
44447 1000
44470 1000
44503 1000
44511 1000
44515 1000
44547 1000
44611 1000
44615 1000
44647 1000
44678 1000
44681 1000
44694 1000
44711 1000
44715 1000
44715 1000
44736 1000
44747 1000
44811 1000
44815 1000
44847 1000
44865 1000
44881 1000
44911 1000
44915 1000
44918 1000
44947 1000
44995 1000
45010 1000
45011 1000
45015 1000
45032 1000
45046 1000
45047 1000
45075 1000
45111 1000
45112 1000
45113 1000
45115 1000
45147 1000
45158 1000
45211 1000
45215 1000
45247 1000
45247 1000
45292 1000
45311 1000
45315 1000
45340 1000
45347 1000
45362 1000
45364 1000
45394 1000
45411 1000
45415 1000
45447 1000
45461 1000
45511 1000
45515 1000
45547 1000
45565 1000
45611 1000
45615 1000
45646 1000
45647 1000
45660 1000
45711 1000
45715 1000
45747 1000
45751 1000
45788 1000
45811 1000
45815 1000
45847 1000
45906 1000
45911 1000
45915 1000
45920 1000
45947 1000
45951 1000
46002 1000
46011 1000
46015 1000
46037 1000
46045 1000
46047 1000
46106 1000
46111 1000
46114 1000
46115 1000
46133 1000
46147 1000
46181 1000
46195 1000
46198 1000
46211 1000
46215 1000
46247 1000
46249 1000
46253 1000
46262 1000
46288 1000
46311 1000
46315 1000
46347 1000
46411 1000
46415 1000
46420 1000
46447 1000
46451 1000
46471 1000
46511 1000
46515 1000
46547 1000
46560 1000
46611 1000
46615 1000
46647 1000
46670 1000
46672 1000
46711 1000
46715 1000
46747 1000
46811 1000
46815 1000
46847 1000
46862 1000
46911 1000
46915 1000
46943 1000
46947 1000
47011 1000
47015 1000
47015 1000
47021 1000
47028 1000
47047 1000
47054 1000
47093 1000
47111 1000
47115 1000
47117 1000
47142 1000
47147 1000
47211 1000
47215 1000
47247 1000
47281 1000
47311 1000
47315 1000
47347 1000
47353 1000
47397 1000
47403 1000
47411 1000
47415 1000
47447 1000
47511 1000
47515 1000
47523 1000
47547 1000
47594 1000
47611 1000
47615 1000
47647 1000
47672 1000
47696 1000
47711 1000
47715 1000
47722 1000
47730 1000
47747 1000
47775 1000
47809 1000
47811 1000
47815 1000
47847 1000
47897 1000
47911 1000
47915 1000
47946 1000
47947 1000
47974 1000
47984 1000
48011 1000
48015 1000
48047 1000
48102 1000
48111 1000
48113 1000
48115 1000
48147 1000
48172 1000
48207 1000
48211 1000
48215 1000
48247 1000
48256 1000
48310 1000
48311 1000
48315 1000
48319 1000
48347 1000
48380 1000
48411 1000
48415 1000
48447 1000
48454 1000
48464 1000
48511 1000
48515 1000
48515 1000
48547 1000
48572 1000
48599 1000
48611 1000
48615 1000
48647 1000
48649 1000
48660 1000
48711 1000
48715 1000
48743 1000
48747 1000
48784 1000
48811 1000
48815 1000
48847 1000
48911 1000
48915 1000
48947 1000
48962 1000
49011 1000
49015 1000
49047 1000
49068 1000
49073 1000
49098 1000
49111 1000
49115 1000
49130 1000
49147 1000
49181 1000
49211 1000
49215 1000
49247 1000
49311 1000
49315 1000
49331 1000
49347 1000
49383 1000
49411 1000
49415 1000
49447 1000
49485 1000
49511 1000
49515 1000
49547 1000
49582 1000
49586 1000
49611 1000
49615 1000
49617 1000
49631 1000
49647 1000
49702 1000
49711 1000
49715 1000
49718 1000
49730 1000
49747 1000
49811 1000
49815 1000
49847 1000
49911 1000
49915 1000
49947 1000
50011 1000
50015 1000
50047 1000
50094 1000
50111 1000
50115 1000
50147 1000
50211 1000
50215 1000
50247 1000
50287 1000
50311 1000
50315 1000
50347 1000
50385 1000
50398 1000
50410 1000
50411 1000
50415 1000
50431 1000
50447 1000
50511 1000
50515 1000
50526 1000
50541 1000
50547 1000
50559 1000
50591 1000
50611 1000
50615 1000
50647 1000
50653 1000
50685 1000
50690 1000
50711 1000
50715 1000
50733 1000
50747 1000
50811 1000
50815 1000
50847 1000
50911 1000
50915 1000
50947 1000
50978 1000
50993 1000
51011 1000
51015 1000
51047 1000
51094 1000
51111 1000
51112 1000
51115 1000
51138 1000
51147 1000
51211 1000
51215 1000
51236 1000
51244 1000
51247 1000
51298 1000
51311 1000
51315 1000
51340 1000
51347 1000
51350 1000
51373 1000
51374 1000
51411 1000
51414 1000
51415 1000
51447 1000
51453 1000
51480 1000
51511 1000
51515 1000
51533 1000
51547 1000
51611 1000
51615 1000
51618 1000
51647 1000
51653 1000
51676 1000
51711 1000
51711 1000
51715 1000
51747 1000
51771 1000
51811 1000
51815 1000
51826 1000
51847 1000
51864 1000
51885 1000
51888 1000
51907 1000
51911 1000
51915 1000
51947 1000
51966 1000
51981 1000
51992 1000
52011 1000
52015 1000
52047 1000
52111 1000
52115 1000
52147 1000
52168 1000
52211 1000
52215 1000
52247 1000
52254 1000
52277 1000
52311 1000
52315 1000
52347 1000
52378 1000
52411 1000
52415 1000
52447 1000
52464 1000
52511 1000
52515 1000
52547 1000
52579 1000
52611 1000
52615 1000
52619 1000
52647 1000
52672 1000
52683 1000
52711 1000
52715 1000
52747 1000
52765 1000
52811 1000
52815 1000
52815 1000
52839 1000
52847 1000
52911 1000
52915 1000
52926 1000
52947 1000
52960 1000
53011 1000
53015 1000
53034 1000
53047 1000
53049 1000
53098 1000
53107 1000
53111 1000
53115 1000
53147 1000
53211 1000
53215 1000
53216 1000
53229 1000
53247 1000
53296 1000
53311 1000
53315 1000
53347 1000
53411 1000
53415 1000
53447 1000
53451 1000
53511 1000
53513 1000
53515 1000
53547 1000
53611 1000
53615 1000
53647 1000
53659 1000
53660 1000
53711 1000
53715 1000
53724 1000
53747 1000
53761 1000
53811 1000
53815 1000
53822 1000
53847 1000
53898 1000
53911 1000
53915 1000
53944 1000
53947 1000
54005 1000
54011 1000
54015 1000
54047 1000
54055 1000
54098 1000
54111 1000
54115 1000
54147 1000
54211 1000
54215 1000
54245 1000
54247 1000
54311 1000
54315 1000
54347 1000
54411 1000
54415 1000
54426 1000
54447 1000
54471 1000
54511 1000
54515 1000
54547 1000
54580 1000
54611 1000
54615 1000
54647 1000
54681 1000
54700 1000
54711 1000
54715 1000
54741 1000
54747 1000
54811 1000
54815 1000
54847 1000
54911 1000
54915 1000
54947 1000
55011 1000
55011 1000
55015 1000
55038 1000
55047 1000
55111 1000
55115 1000
55146 1000
55147 1000
55148 1000
55211 1000
55215 1000
55224 1000
55247 1000
55266 1000
55294 1000
55311 1000
55315 1000
55347 1000
55411 1000
55413 1000
55415 1000
55416 1000
55418 1000
55447 1000
55511 1000
55515 1000
55547 1000
55580 1000
55611 1000
55615 1000
55647 1000
55711 1000
55715 1000
55747 1000
55811 1000
55815 1000
55847 1000
55852 1000
55869 1000
55898 1000
55911 1000
55915 1000
55923 1000
55947 1000
55973 1000
55993 1000
56011 1000
56015 1000
56047 1000
56065 1000
56111 1000
56115 1000
56147 1000
56211 1000
56215 1000
56247 1000
56265 1000
56293 1000
56311 1000
56315 1000
56329 1000
56347 1000
56354 1000
56405 1000
56411 1000
56415 1000
56447 1000
56447 1000
56501 1000
56511 1000
56513 1000
56515 1000
56522 1000
56534 1000
56536 1000
56547 1000
56561 1000
56596 1000
56611 1000
56615 1000
56630 1000
56642 1000
56647 1000
56657 1000
56661 1000
56705 1000
56711 1000
56714 1000
56715 1000
56747 1000
56811 1000
56815 1000
56847 1000
56911 1000
56915 1000
56947 1000
57011 1000
57015 1000
57047 1000
57063 1000
57111 1000
57115 1000
57147 1000
57148 1000
57211 1000
57215 1000
57247 1000
57311 1000
57315 1000
57347 1000
57411 1000
57415 1000
57447 1000
57449 1000
57501 1000
57511 1000
57515 1000
57517 1000
57535 1000
57540 1000
57547 1000
57611 1000
57614 1000
57615 1000
57623 1000
57647 1000
57673 1000
57706 1000
57711 1000
57715 1000
57734 1000
57742 1000
57747 1000
57760 1000
57762 1000
57811 1000
57815 1000
57847 1000
57902 1000
57911 1000
57915 1000
57924 1000
57947 1000
58011 1000
58015 1000
58047 1000
58111 1000
58114 1000
58115 1000
58147 1000
58153 1000
58176 1000
58208 1000
58211 1000
58215 1000
58247 1000
58311 1000
58315 1000
58347 1000
58360 1000
58411 1000
58415 1000
58427 1000
58430 1000
58447 1000
58489 1000
58492 1000
58511 1000
58515 1000
58547 1000
58578 1000
58592 1000
58611 1000
58615 1000
58647 1000
58711 1000
58715 1000
58719 1000
58747 1000
58770 1000
58773 1000
58791 1000
58811 1000
58815 1000
58843 1000
58847 1000
58911 1000
58915 1000
58937 1000
58947 1000
58967 1000
59011 1000
59015 1000
59047 1000
59058 1000
59083 1000
59111 1000
59115 1000
59126 1000
59147 1000
59185 1000
59211 1000
59215 1000
59247 1000
59311 1000
59315 1000
59328 1000
59339 1000
59347 1000
59364 1000
59411 1000
59415 1000
59447 1000
59471 1000
59474 1000
59506 1000
59511 1000
59515 1000
59547 1000
59599 1000
59611 1000
59615 1000
59647 1000
59688 1000
59711 1000
59715 1000
59721 1000
59740 1000
59747 1000
59798 1000
59811 1000
59815 1000
59847 1000
59875 1000
59911 1000
59915 1000
59928 1000
59947 1000
59949 1000
59972 1000
60011 1000
60015 1000
60047 1000
60085 1000
60088 1000
60090 1000
60111 1000
60115 1000
60135 1000
60147 1000
60175 1000
60211 1000
60211 1000
60215 1000
60247 1000
60311 1000
60315 1000
60347 1000
60377 1000
60403 1000
60411 1000
60415 1000
60447 1000
60465 1000
60490 1000
60498 1000
60511 1000
60515 1000
60547 1000
60611 1000
60615 1000
60647 1000
60651 1000
60677 1000
60711 1000
60715 1000
60725 1000
60747 1000
60810 1000
60811 1000
60815 1000
60847 1000
60885 1000
60890 1000
60911 1000
60915 1000
60925 1000
60947 1000
60964 1000
60968 1000
60996 1000
61011 1000
61015 1000
61030 1000
61033 1000
61047 1000
61054 1000
61111 1000
61115 1000
61140 1000
61147 1000
61211 1000
61215 1000
61247 1000
61273 1000
61311 1000
61312 1000
61315 1000
61340 1000
61347 1000
61388 1000
61411 1000
61415 1000
61418 1000
61447 1000
61473 1000
61498 1000
61511 1000
61515 1000
61533 1000
61547 1000
61555 1000
61587 1000
61592 1000
61611 1000
61615 1000
61647 1000
61683 1000
61711 1000
61715 1000
61725 1000
61726 1000
61731 1000
61747 1000
61755 1000
61811 1000
61815 1000
61816 1000
61847 1000
61849 1000
61911 1000
61915 1000
61947 1000
61983 1000
62001 1000
62011 1000
62015 1000
62020 1000
62026 1000
62047 1000
62111 1000
62115 1000
62127 1000
62147 1000
62201 1000
62211 1000
62211 1000
62215 1000
62247 1000
62311 1000
62315 1000
62347 1000
62369 1000
62407 1000
62411 1000
62415 1000
62447 1000
62511 1000
62515 1000
62523 1000
62547 1000
62585 1000
62604 1000
62611 1000
62615 1000
62623 1000
62634 1000
62647 1000
62686 1000
62711 1000
62715 1000
62716 1000
62747 1000
62770 1000
62811 1000
62815 1000
62815 1000
62846 1000
62847 1000
62871 1000
62911 1000
62915 1000
62919 1000
62947 1000
63011 1000
63015 1000
63021 1000
63035 1000
63047 1000
63081 1000
63096 1000
63111 1000
63115 1000
63143 1000
63147 1000
63159 1000
63211 1000
63214 1000
63215 1000
63247 1000
63300 1000
63311 1000
63315 1000
63347 1000
63396 1000
63411 1000
63411 1000
63412 1000
63414 1000
63415 1000
63447 1000
63511 1000
63515 1000
63529 1000
63536 1000
63547 1000
63583 1000
63589 1000
63611 1000
63615 1000
63647 1000
63672 1000
63688 1000
63711 1000
63715 1000
63747 1000
63768 1000
63782 1000
63806 1000
63811 1000
63815 1000
63847 1000
63911 1000
63915 1000
63942 1000
63947 1000
64011 1000
64015 1000
64038 1000
64047 1000
64062 1000
64092 1000
64099 1000
64111 1000
64115 1000
64147 1000
64177 1000
64211 1000
64215 1000
64247 1000
64293 1000
64311 1000
64315 1000
64347 1000
64360 1000
64375 1000
64411 1000
64415 1000
64447 1000
64504 1000
64511 1000
64515 1000
64547 1000
64611 1000
64615 1000
64627 1000
64629 1000
64647 1000
64711 1000
64715 1000
64747 1000
64801 1000
64811 1000
64815 1000
64846 1000
64847 1000
64901 1000
64911 1000
64915 1000
64947 1000
64969 1000
64973 1000
64980 1000
65011 1000
65015 1000
65021 1000
65047 1000
65111 1000
65115 1000
65147 1000
65211 1000
65215 1000
65237 1000
65247 1000
65253 1000
65278 1000
65311 1000
65315 1000
65347 1000
65374 1000
65376 1000
65382 1000
65411 1000
65415 1000
65446 1000
65447 1000
65468 1000
65470 1000
65479 1000
65480 1000
65488 1000
65511 1000
65515 1000
65524 1000
65547 1000
65604 1000
65611 1000
65615 1000
65647 1000
65711 1000
65715 1000
65747 1000
65747 1000
65764 1000
65811 1000
65815 1000
65840 1000
65847 1000
65911 1000
65915 1000
65947 1000
66011 1000
66015 1000
66047 1000
66111 1000
66115 1000
66147 1000
66199 1000
66211 1000
66215 1000
66247 1000
66308 1000
66311 1000
66315 1000
66343 1000
66347 1000
66364 1000
66407 1000
66411 1000
66415 1000
66442 1000
66447 1000
66473 1000
66511 1000
66515 1000
66527 1000
66547 1000
66611 1000
66615 1000
66625 1000
66647 1000
66660 1000
66676 1000
66688 1000
66711 1000
66715 1000
66747 1000
66800 1000
66811 1000
66815 1000
66837 1000
66847 1000
66911 1000
66915 1000
66922 1000
66947 1000
66975 1000
67011 1000
67015 1000
67047 1000
67061 1000
67111 1000
67115 1000
67147 1000
67197 1000
67208 1000
67211 1000
67215 1000
67226 1000
67247 1000
67311 1000
67311 1000
67315 1000
67347 1000
67365 1000
67411 1000
67415 1000
67447 1000
67511 1000
67515 1000
67546 1000
67547 1000
67564 1000
67611 1000
67615 1000
67616 1000
67647 1000
67695 1000
67700 1000
67701 1000
67702 1000
67703 1000
67704 1000
67705 1000
67706 1000
67707 1000
67708 1000
67709 1000
67710 1000
67711 1000
67711 1000
67712 1000
67713 1000
67714 1000
67715 1000
67715 1000
67716 1000
67717 1000
67718 1000
67719 1000
67720 1000
67721 1000
67722 1000
67723 1000
67724 1000
67725 1000
67726 1000
67727 1000
67727 1000
67728 1000
67729 1000
67730 1000
67731 1000
67732 1000
67733 1000
67734 1000
67735 1000
67736 1000
67737 1000
67738 1000
67739 1000
67740 1000
67741 1000
67742 1000
67743 1000
67744 1000
67745 1000
67746 1000
67747 1000
67747 1000
67748 1000
67749 1000
67750 1000
67751 1000
67752 1000
67753 1000
67754 1000
67755 1000
67756 1000
67757 1000
67758 1000
67759 1000
67760 1000
67761 1000
67762 1000
67763 1000
67764 1000
67765 1000
67766 1000
67767 1000
67768 1000
67769 1000
67770 1000
67771 1000
67772 1000
67773 1000
67776 1000
67777 1000
67778 1000
67779 1000
67780 1000
67781 1000
67782 1000
67783 1000
67784 1000
67785 1000
67786 1000
67787 1000
67788 1000
67789 1000
67790 1000
67791 1000
67792 1000
67793 1000
67794 1000
67795 1000
67796 1000
67797 1000
67798 1000
67799 1000
67811 1000
67815 1000
67819 1000
67847 1000
67911 1000
67915 1000
67925 1000
67936 1000
67947 1000
68011 1000
68015 1000
68047 1000
68049 1000
68097 1000
68111 1000
68115 1000
68147 1000
68211 1000
68215 1000
68247 1000
68283 1000
68311 1000
68312 1000
68315 1000
68347 1000
68415 1000
68435 1000
68447 1000
68498 1000
68505 1000
68511 1000
68515 1000
68547 1000
68611 1000
68615 1000
68617 1000
68647 1000
68671 1000
68711 1000
68715 1000
68747 1000
68747 1000
68760 1000
68810 1000
68811 1000
68815 1000
68847 1000
68867 1000
68876 1000
68911 1000
68915 1000
68942 1000
68947 1000
69011 1000
69015 1000
69047 1000
69097 1000
69111 1000
69115 1000
69147 1000
69158 1000
69161 1000
69211 1000
69215 1000
69247 1000
69260 1000
69267 1000
69272 1000
69311 1000
69315 1000
69347 1000
69411 1000
69415 1000
69447 1000
69511 1000
69515 1000
69547 1000
69587 1000
69611 1000
69615 1000
69647 1000
69660 1000
69711 1000
69715 1000
69732 1000
69747 1000
69811 1000
69815 1000
69847 1000
69863 1000
69870 1000
69911 1000
69915 1000
69922 1000
69947 1000
69947 1000
70011 1000
70015 1000
70047 1000
70090 1000
70105 1000
70109 1000
70111 1000
70115 1000
70147 1000
70150 1000
70158 1000
70211 1000
70215 1000
70247 1000
70275 1000
70292 1000
70301 1000
70311 1000
70315 1000
70347 1000
70389 1000
70402 1000
70411 1000
70415 1000
70419 1000
70447 1000
70509 1000
70511 1000
70515 1000
70547 1000
70560 1000
70589 1000
70611 1000
70615 1000
70647 1000
70654 1000
70657 1000
70670 1000
70709 1000
70711 1000
70715 1000
70747 1000
70811 1000
70815 1000
70818 1000
70819 1000
70843 1000
70847 1000
70911 1000
70915 1000
70947 1000
71004 1000
71011 1000
71015 1000
71047 1000
71072 1000
71075 1000
71086 1000
71105 1000
71111 1000
71115 1000
71120 1000
71147 1000
71159 1000
71166 1000
71211 1000
71215 1000
71235 1000
71247 1000
71311 1000
71315 1000
71347 1000
71411 1000
71415 1000
71446 1000
71447 1000
71504 1000
71511 1000
71515 1000
71530 1000
71547 1000
71558 1000
71601 1000
71611 1000
71615 1000
71647 1000
71694 1000
71711 1000
71715 1000
71747 1000
71747 1000
71771 1000
71811 1000
71815 1000
71822 1000
71847 1000
71853 1000
71911 1000
71915 1000
71947 1000
72011 1000
72015 1000
72047 1000
72100 1000
72111 1000
72115 1000
72133 1000
72147 1000
72150 1000
72209 1000
72211 1000
72215 1000
72247 1000
72287 1000
72311 1000
72315 1000
72340 1000
72347 1000
72372 1000
72411 1000
72415 1000
72447 1000
72511 1000
72515 1000
72541 1000
72547 1000
72570 1000
72574 1000
72611 1000
72615 1000
72647 1000
72661 1000
72679 1000
72683 1000
72711 1000
72715 1000
72747 1000
72811 1000
72815 1000
72821 1000
72847 1000
72854 1000
72868 1000
72911 1000
72915 1000
72947 1000
72949 1000
73011 1000
73015 1000
73047 1000
73086 1000
73111 1000
73115 1000
73147 1000
73211 1000
73215 1000
73247 1000
73304 1000
73311 1000
73315 1000
73347 1000
73369 1000
73411 1000
73415 1000
73437 1000
73447 1000
73511 1000
73512 1000
73514 1000
73515 1000
73533 1000
73547 1000
73562 1000
73569 1000
73611 1000
73615 1000
73647 1000
73678 1000
73711 1000
73715 1000
73747 1000
73777 1000
73811 1000
73815 1000
73845 1000
73847 1000
73866 1000
73901 1000
73910 1000
73911 1000
73913 1000
73915 1000
73936 1000
73947 1000
73961 1000
74011 1000
74015 1000
74047 1000
74079 1000
74111 1000
74115 1000
74147 1000
74211 1000
74215 1000
74243 1000
74247 1000
74295 1000
74311 1000
74315 1000
74339 1000
74347 1000
74352 1000
74411 1000
74415 1000
74447 1000
74511 1000
74515 1000
74547 1000
74550 1000
74582 1000
74611 1000
74615 1000
74629 1000
74637 1000
74644 1000
74647 1000
74664 1000
74711 1000
74715 1000
74718 1000
74741 1000
74747 1000
74792 1000
74805 1000
74811 1000
74815 1000
74842 1000
74847 1000
74890 1000
74909 1000
74911 1000
74915 1000
74947 1000
75004 1000
75011 1000
75014 1000
75015 1000
75020 1000
75040 1000
75047 1000
75061 1000
75069 1000
75107 1000
75111 1000
75112 1000
75115 1000
75147 1000
75211 1000
75215 1000
75221 1000
75247 1000
75249 1000
75267 1000
75311 1000
75315 1000
75340 1000
75347 1000
75401 1000
75403 1000
75411 1000
75415 1000
75447 1000
75456 1000
75511 1000
75515 1000
75547 1000
75611 1000
75615 1000
75623 1000
75647 1000
75674 1000
75711 1000
75715 1000
75747 1000
75811 1000
75815 1000
75847 1000
75911 1000
75915 1000
75947 1000
76011 1000
76013 1000
76015 1000
76047 1000
76075 1000
76076 1000
76111 1000
76115 1000
76147 1000
76199 1000
76211 1000
76215 1000
76247 1000
76298 1000
76311 1000
76315 1000
76316 1000
76319 1000
76345 1000
76347 1000
76351 1000
76395 1000
76411 1000
76415 1000
76418 1000
76447 1000
76509 1000
76511 1000
76515 1000
76547 1000
76609 1000
76611 1000
76615 1000
76647 1000
76711 1000
76715 1000
76741 1000
76747 1000
76811 1000
76815 1000
76827 1000
76847 1000
76850 1000
76856 1000
76911 1000
76915 1000
76947 1000
76975 1000
77011 1000
77014 1000
77015 1000
77047 1000
77049 1000
77111 1000
77115 1000
77147 1000
77148 1000
77204 1000
77211 1000
77215 1000
77247 1000
77281 1000
77311 1000
77315 1000
77315 1000
77323 1000
77329 1000
77347 1000
77411 1000
77415 1000
77428 1000
77447 1000
77488 1000
77511 1000
77515 1000
77520 1000
77547 1000
77556 1000
77611 1000
77615 1000
77639 1000
77645 1000
77647 1000
77658 1000
77676 1000
77711 1000
77715 1000
77720 1000
77747 1000
77811 1000
77815 1000
77847 1000
77907 1000
77911 1000
77915 1000
77947 1000
78011 1000
78015 1000
78047 1000
78104 1000
78111 1000
78115 1000
78147 1000
78148 1000
78180 1000
78193 1000
78211 1000
78215 1000
78247 1000
78276 1000
78284 1000
78299 1000
78311 1000
78315 1000
78332 1000
78335 1000
78347 1000
78385 1000
78397 1000
78411 1000
78415 1000
78447 1000
78479 1000
78481 1000
78511 1000
78515 1000
78547 1000
78611 1000
78615 1000
78615 1000
78637 1000
78642 1000
78647 1000
78648 1000
78666 1000
78711 1000
78715 1000
78747 1000
78760 1000
78761 1000
78811 1000
78815 1000
78823 1000
78847 1000
78911 1000
78915 1000
78940 1000
78947 1000
78961 1000
78988 1000
79011 1000
79015 1000
79047 1000
79090 1000
79111 1000
79115 1000
79139 1000
79147 1000
79211 1000
79215 1000
79216 1000
79225 1000
79235 1000
79247 1000
79281 1000
79311 1000
79315 1000
79347 1000
79411 1000
79415 1000
79435 1000
79439 1000
79447 1000
79455 1000
79496 1000
79511 1000
79515 1000
79546 1000
79547 1000
79598 1000
79606 1000
79611 1000
79615 1000
79647 1000
79691 1000
79711 1000
79715 1000
79747 1000
79789 1000
79794 1000
79811 1000
79815 1000
79846 1000
79847 1000
79884 1000
79911 1000
79915 1000
79931 1000
79947 1000
79966 1000
80003 1000
80011 1000
80015 1000
80047 1000
80063 1000
80111 1000
80115 1000
80147 1000
80194 1000
80211 1000
80215 1000
80242 1000
80247 1000
80253 1000
80311 1000
80315 1000
80324 1000
80347 1000
80359 1000
80401 1000
80411 1000
80415 1000
80417 1000
80431 1000
80447 1000
80462 1000
80485 1000
80498 1000
80511 1000
80515 1000
80519 1000
80547 1000
80611 1000
80615 1000
80632 1000
80640 1000
80647 1000
80708 1000
80711 1000
80715 1000
80747 1000
80791 1000
80800 1000
80801 1000
80806 1000
80811 1000
80815 1000
80847 1000
80911 1000
80915 1000
80947 1000
81011 1000
81015 1000
81020 1000
81039 1000
81047 1000
81111 1000
81115 1000
81136 1000
81147 1000
81155 1000
81166 1000
81211 1000
81215 1000
81247 1000
81286 1000
81311 1000
81315 1000
81347 1000
81393 1000
81411 1000
81415 1000
81419 1000
81447 1000
81455 1000
81511 1000
81515 1000
81547 1000
81559 1000
81569 1000
81611 1000
81615 1000
81647 1000
81655 1000
81657 1000
81674 1000
81695 1000
81711 1000
81715 1000
81747 1000
81749 1000
81759 1000
81811 1000
81815 1000
81847 1000
81861 1000
81863 1000
81911 1000
81915 1000
81930 1000
81945 1000
81947 1000
82011 1000
82015 1000
82047 1000
82111 1000
82115 1000
82147 1000
82211 1000
82213 1000
82215 1000
82247 1000
82311 1000
82315 1000
82347 1000
82385 1000
82411 1000
82415 1000
82447 1000
82465 1000
82511 1000
82515 1000
82547 1000
82588 1000
82606 1000
82611 1000
82615 1000
82630 1000
82643 1000
82647 1000
82671 1000
82711 1000
82715 1000
82740 1000
82747 1000
82810 1000
82811 1000
82815 1000
82841 1000
82847 1000
82847 1000
82888 1000
82911 1000
82913 1000
82915 1000
82947 1000
83011 1000
83015 1000
83047 1000
83047 1000
83102 1000
83111 1000
83115 1000
83129 1000
83147 1000
83172 1000
83189 1000
83211 1000
83215 1000
83237 1000
83247 1000
83250 1000
83264 1000
83266 1000
83291 1000
83311 1000
83315 1000
83347 1000
83356 1000
83358 1000
83411 1000
83415 1000
83434 1000
83436 1000
83447 1000
83511 1000
83515 1000
83547 1000
83570 1000
83600 1000
83607 1000
83611 1000
83615 1000
83640 1000
83647 1000
83669 1000
83711 1000
83715 1000
83747 1000
83804 1000
83811 1000
83815 1000
83820 1000
83847 1000
83906 1000
83911 1000
83915 1000
83947 1000
84011 1000
84014 1000
84015 1000
84047 1000
84111 1000
84115 1000
84116 1000
84147 1000
84211 1000
84215 1000
84228 1000
84246 1000
84247 1000
84297 1000
84311 1000
84315 1000
84347 1000
84349 1000
84352 1000
84368 1000
84394 1000
84403 1000
84411 1000
84415 1000
84447 1000
84455 1000
84511 1000
84515 1000
84547 1000
84611 1000
84615 1000
84630 1000
84647 1000
84711 1000
84715 1000
84727 1000
84747 1000
84811 1000
84815 1000
84847 1000
84911 1000
84915 1000
84947 1000
84964 1000
84988 1000
85004 1000
85011 1000
85015 1000
85032 1000
85047 1000
85081 1000
85111 1000
85115 1000
85147 1000
85187 1000
85211 1000
85215 1000
85219 1000
85244 1000
85247 1000
85263 1000
85298 1000
85311 1000
85311 1000
85315 1000
85347 1000
85368 1000
85411 1000
85415 1000
85447 1000
85457 1000
85490 1000
85510 1000
85511 1000
85515 1000
85518 1000
85547 1000
85567 1000
85592 1000
85594 1000
85611 1000
85615 1000
85624 1000
85647 1000
85711 1000
85715 1000
85743 1000
85747 1000
85811 1000
85815 1000
85847 1000
85911 1000
85915 1000
85947 1000
85992 1000
86011 1000
86015 1000
86017 1000
86047 1000
86050 1000
86111 1000
86115 1000
86147 1000
86157 1000
86211 1000
86213 1000
86215 1000
86247 1000
86311 1000
86315 1000
86347 1000
86411 1000
86415 1000
86443 1000
86447 1000
86508 1000
86511 1000
86515 1000
86547 1000
86575 1000
86611 1000
86615 1000
86647 1000
86652 1000
86711 1000
86715 1000
86747 1000
86811 1000
86815 1000
86828 1000
86847 1000
86911 1000
86915 1000
86932 1000
86947 1000
86993 1000
87001 1000
87011 1000
87015 1000
87047 1000
87111 1000
87115 1000
87147 1000
87179 1000
87202 1000
87211 1000
87215 1000
87247 1000
87253 1000
87263 1000
87311 1000
87315 1000
87347 1000
87411 1000
87415 1000
87425 1000
87447 1000
87485 1000
87497 1000
87511 1000
87515 1000
87547 1000
87605 1000
87611 1000
87615 1000
87647 1000
87672 1000
87674 1000
87709 1000
87711 1000
87715 1000
87747 1000
87811 1000
87815 1000
87847 1000
87869 1000
87908 1000
87911 1000
87915 1000
87936 1000
87938 1000
87947 1000
88011 1000
88015 1000
88047 1000
88111 1000
88115 1000
88147 1000
88173 1000
88185 1000
88204 1000
88211 1000
88215 1000
88247 1000
88294 1000
88311 1000
88315 1000
88347 1000
88380 1000
88411 1000
88415 1000
88447 1000
88471 1000
88511 1000
88515 1000
88547 1000
88611 1000
88615 1000
88640 1000
88647 1000
88652 1000
88711 1000
88714 1000
88715 1000
88747 1000
88792 1000
88811 1000
88815 1000
88843 1000
88847 1000
88854 1000
88871 1000
88911 1000
88915 1000
88947 1000
88966 1000
89011 1000
89015 1000
89039 1000
89043 1000
89047 1000
89076 1000
89111 1000
89115 1000
89138 1000
89147 1000
89190 1000
89210 1000
89211 1000
89215 1000
89215 1000
89247 1000
89263 1000
89311 1000
89315 1000
89347 1000
89352 1000
89411 1000
89415 1000
89447 1000
89492 1000
89494 1000
89511 1000
89515 1000
89547 1000
89610 1000
89611 1000
89615 1000
89647 1000
89650 1000
89711 1000
89714 1000
89715 1000
89715 1000
89734 1000
89736 1000
89741 1000
89747 1000
89806 1000
89811 1000
89815 1000
89847 1000
89911 1000
89915 1000
89919 1000
89947 1000
89957 1000
90011 1000
90015 1000
90031 1000
90046 1000
90047 1000
90111 1000
90115 1000
90147 1000
90211 1000
90215 1000
90231 1000
90247 1000
90295 1000
90311 1000
90315 1000
90347 1000
90411 1000
90415 1000
90447 1000
90472 1000
90479 1000
90511 1000
90515 1000
90518 1000
90527 1000
90547 1000
90547 1000
90549 1000
90594 1000
90611 1000
90615 1000
90647 1000
90705 1000
90711 1000
90715 1000
90735 1000
90736 1000
90747 1000
90786 1000
90811 1000
90815 1000
90847 1000
90911 1000
90915 1000
90922 1000
90944 1000
90947 1000
90989 1000
91011 1000
91015 1000
91047 1000
91079 1000
91111 1000
91115 1000
91147 1000
91174 1000
91211 1000
91215 1000
91247 1000
91281 1000
91311 1000
91315 1000
91347 1000
91411 1000
91415 1000
91429 1000
91447 1000
91447 1000
91458 1000
91511 1000
91515 1000
91547 1000
91609 1000
91611 1000
91615 1000
91647 1000
91711 1000
91715 1000
91747 1000
91766 1000
91801 1000
91811 1000
91815 1000
91847 1000
91869 1000
91911 1000
91915 1000
91947 1000
92011 1000
92015 1000
92047 1000
92050 1000
92105 1000
92111 1000
92115 1000
92147 1000
92157 1000
92200 1000
92211 1000
92215 1000
92222 1000
92247 1000
92252 1000
92266 1000
92299 1000
92311 1000
92315 1000
92347 1000
92379 1000
92411 1000
92415 1000
92447 1000
92451 1000
92511 1000
92515 1000
92547 1000
92586 1000
92611 1000
92615 1000
92633 1000
92647 1000
92677 1000
92711 1000
92715 1000
92747 1000
92811 1000
92815 1000
92847 1000
92862 1000
92910 1000
92911 1000
92915 1000
92918 1000
92947 1000
93011 1000
93015 1000
93046 1000
93047 1000
93094 1000
93111 1000
93115 1000
93147 1000
93211 1000
93215 1000
93244 1000
93245 1000
93247 1000
93283 1000
93311 1000
93313 1000
93315 1000
93317 1000
93347 1000
93358 1000
93361 1000
93378 1000
93395 1000
93411 1000
93415 1000
93426 1000
93447 1000
93511 1000
93515 1000
93547 1000
93611 1000
93615 1000
93617 1000
93647 1000
93650 1000
93711 1000
93715 1000
93747 1000
93811 1000
93812 1000
93815 1000
93847 1000
93883 1000
93891 1000
93911 1000
93915 1000
93947 1000
94010 1000
94011 1000
94015 1000
94047 1000
94052 1000
94111 1000
94115 1000
94147 1000
94168 1000
94180 1000
94189 1000
94211 1000
94215 1000
94247 1000
94261 1000
94269 1000
94276 1000
94311 1000
94315 1000
94347 1000
94411 1000
94415 1000
94447 1000
94511 1000
94515 1000
94547 1000
94611 1000
94615 1000
94632 1000
94636 1000
94647 1000
94687 1000
94688 1000
94711 1000
94715 1000
94747 1000
94766 1000
94785 1000
94791 1000
94809 1000
94811 1000
94815 1000
94847 1000
94859 1000
94885 1000
94892 1000
94908 1000
94911 1000
94915 1000
94925 1000
94946 1000
94947 1000
94957 1000
94972 1000
94981 1000
95011 1000
95015 1000
95034 1000
95047 1000
95111 1000
95111 1000
95115 1000
95147 1000
95179 1000
95199 1000
95211 1000
95215 1000
95215 1000
95233 1000
95239 1000
95247 1000
95296 1000
95311 1000
95315 1000
95347 1000
95400 1000
95411 1000
95415 1000
95428 1000
95447 1000
95511 1000
95515 1000
95523 1000
95542 1000
95547 1000
95611 1000
95614 1000
95615 1000
95636 1000
95647 1000
95679 1000
95699 1000
95711 1000
95715 1000
95747 1000
95811 1000
95815 1000
95847 1000
95904 1000
95911 1000
95915 1000
95915 1000
95929 1000
95947 1000
95990 1000
96011 1000
96015 1000
96047 1000
96061 1000
96094 1000
96111 1000
96115 1000
96147 1000
96157 1000
96167 1000
96197 1000
96211 1000
96213 1000
96215 1000
96238 1000
96247 1000
96308 1000
96311 1000
96315 1000
96347 1000
96349 1000
96411 1000
96415 1000
96417 1000
96447 1000
96482 1000
96511 1000
96515 1000
96547 1000
96573 1000
96598 1000
96606 1000
96611 1000
96615 1000
96647 1000
96674 1000
96685 1000
96711 1000
96715 1000
96718 1000
96747 1000
96785 1000
96811 1000
96814 1000
96815 1000
96847 1000
96868 1000
96899 1000
96911 1000
96915 1000
96947 1000
96985 1000
96986 1000
97011 1000
97015 1000
97047 1000
97076 1000
97111 1000
97115 1000
97147 1000
97174 1000
97184 1000
97211 1000
97215 1000
97221 1000
97247 1000
97300 1000
97311 1000
97315 1000
97342 1000
97347 1000
97400 1000
97411 1000
97415 1000
97447 1000
97511 1000
97515 1000
97547 1000
97553 1000
97611 1000
97615 1000
97629 1000
97647 1000
97690 1000
97711 1000
97715 1000
97726 1000
97743 1000
97747 1000
97748 1000
97805 1000
97811 1000
97815 1000
97824 1000
97826 1000
97834 1000
97847 1000
97850 1000
97901 1000
97911 1000
97915 1000
97929 1000
97947 1000
97978 1000
97983 1000
98011 1000
98015 1000
98039 1000
98047 1000
98111 1000
98115 1000
98147 1000
98211 1000
98215 1000
98229 1000
98247 1000
98284 1000
98311 1000
98314 1000
98315 1000
98347 1000
98411 1000
98415 1000
98447 1000
98511 1000
98515 1000
98547 1000
98563 1000
98611 1000
98615 1000
98647 1000
98711 1000
98715 1000
98729 1000
98747 1000
98759 1000
98811 1000
98815 1000
98847 1000
98874 1000
98888 1000
98911 1000
98915 1000
98917 1000
98947 1000
99011 1000
99015 1000
99047 1000
99060 1000
99111 1000
99115 1000
99147 1000
99211 1000
99215 1000
99247 1000
99256 1000
99311 1000
99315 1000
99315 1000
99347 1000
99369 1000
99388 1000
99411 1000
99415 1000
99441 1000
99447 1000
99511 1000
99515 1000
99547 1000
99611 1000
99615 1000
99646 1000
99647 1000
99660 1000
99683 1000
99686 1000
99703 1000
99711 1000
99715 1000
99747 1000
99755 1000
99759 1000
99787 1000
99794 1000
99809 1000
99811 1000
99815 1000
99838 1000
99847 1000
99911 1000
99915 1000
99947 1000
99950 1000
99964 1000
99990 1000
