00025 1000
00050 1000
00055 1000
00089 1000
00090 1000
00150 1000
00189 1000
00190 1000
00215 1000
00250 1000
00253 1000
00289 1000
00290 1000
00302 1000
00350 1000
00389 1000
00390 1000
00427 1000
00450 1000
00483 1000
00489 1000
00490 1000
00550 1000
00579 1000
00589 1000
00590 1000
00609 1000
00650 1000
00679 1000
00689 1000
00690 1000
00700 1000
00701 1000
00702 1000
00703 1000
00704 1000
00705 1000
00706 1000
00707 1000
00708 1000
00709 1000
00710 1000
00711 1000
00712 1000
00713 1000
00714 1000
00715 1000
00715 1000
00716 1000
00717 1000
00718 1000
00719 1000
00720 1000
00721 1000
00722 1000
00723 1000
00724 1000
00725 1000
00726 1000
00727 1000
00728 1000
00729 1000
00730 1000
00731 1000
00732 1000
00733 1000
00734 1000
00735 1000
00736 1000
00737 1000
00738 1000
00739 1000
00740 1000
00741 1000
00742 1000
00743 1000
00744 1000
00745 1000
00746 1000
00747 1000
00748 1000
00749 1000
00749 9600
00750 500.000EUROS
00751 9600
00751 1000
00752 1000
00753 1000
00754 1000
00755 1000
00756 1000
00757 1000
00758 1000
00758 1000
00759 1000
00760 1000
00761 1000
00762 1000
00763 1000
00764 1000
00765 1000
00766 1000
00767 1000
00768 1000
00769 1000
00770 1000
00771 1000
00772 1000
00773 1000
00774 1000
00775 1000
00776 1000
00777 1000
00778 1000
00779 1000
00780 1000
00781 1000
00782 1000
00783 1000
00784 1000
00785 1000
00786 1000
00787 1000
00788 1000
00789 1000
00789 1000
00790 1000
00790 1000
00791 1000
00792 1000
00793 1000
00794 1000
00795 1000
00796 1000
00797 1000
00798 1000
00799 1000
00850 1000
00889 1000
00890 1000
00936 1000
00950 1000
00952 1000
00989 1000
00990 1000
01038 1000
01050 1000
01065 1000
01089 1000
01090 1000
01134 1000
01150 1000
01189 1000
01190 1000
01250 1000
01289 1000
01290 1000
01300 1000
01350 1000
01371 1000
01389 1000
01390 1000
01425 1000
01450 1000
01489 1000
01490 1000
01502 1000
01550 1000
01589 1000
01590 1000
01631 1000
01650 1000
01689 1000
01690 1000
01750 1000
01789 1000
01790 1000
01839 1000
01850 1000
01855 1000
01870 1000
01889 1000
01890 1000
01900 1000
01921 1000
01950 1000
01989 1000
01990 1000
02047 1000
02050 1000
02066 1000
02089 1000
02090 1000
02150 1000
02189 1000
02190 1000
02250 1000
02289 1000
02290 1000
02300 1000
02350 1000
02363 1000
02389 1000
02390 1000
02450 1000
02482 1000
02489 1000
02490 1000
02519 1000
02550 1000
02589 1000
02590 1000
02601 1000
02607 1000
02647 1000
02650 1000
02654 1000
02658 1000
02689 1000
02690 1000
02750 1000
02789 1000
02790 1000
02820 1000
02831 1000
02850 1000
02889 1000
02890 1000
02950 1000
02950 1000
02989 1000
02990 1000
03024 1000
03050 1000
03061 1000
03073 1000
03089 1000
03090 1000
03141 1000
03150 1000
03159 1000
03189 1000
03190 1000
03250 1000
03289 1000
03290 1000
03350 1000
03350 1000
03366 1000
03389 1000
03390 1000
03450 1000
03472 1000
03489 1000
03490 1000
03498 1000
03550 1000
03589 1000
03590 1000
03644 1000
03650 1000
03689 1000
03690 1000
03690 1000
03692 1000
03732 1000
03750 1000
03783 1000
03789 1000
03790 1000
03847 1000
03850 1000
03889 1000
03890 1000
03917 1000
03950 1000
03989 1000
03990 1000
04031 1000
04050 1000
04076 1000
04089 1000
04090 1000
04099 1000
04129 1000
04150 1000
04189 1000
04190 1000
04220 1000
04250 1000
04264 1000
04289 1000
04290 1000
04319 1000
04350 1000
04376 1000
04381 1000
04389 1000
04390 1000
04450 1000
04466 1000
04489 1000
04490 1000
04538 1000
04550 1000
04589 1000
04590 1000
04626 1000
04650 1000
04653 1000
04689 1000
04690 1000
04750 1000
04789 1000
04790 1000
04850 1000
04889 1000
04890 1000
04897 1000
04905 1000
04935 1000
04950 1000
04975 1000
04989 1000
04990 1000
05050 1000
05085 1000
05089 1000
05090 1000
05147 1000
05150 1000
05189 1000
05190 1000
05213 1000
05248 1000
05250 1000
05274 1000
05289 1000
05290 1000
05350 1000
05389 1000
05390 1000
05401 1000
05431 1000
05432 1000
05450 1000
05456 1000
05489 1000
05490 1000
05550 1000
05589 1000
05590 1000
05590 1000
05650 1000
05683 1000
05689 1000
05690 1000
05692 1000
05750 1000
05789 1000
05790 1000
05830 1000
05850 1000
05867 1000
05889 1000
05890 1000
05897 1000
05907 1000
05913 1000
05930 1000
05950 1000
05970 1000
05989 1000
05990 1000
06013 1000
06017 1000
06050 1000
06050 1000
06064 1000
06089 1000
06090 1000
06110 1000
06115 1000
06150 1000
06189 1000
06190 1000
06202 1000
06250 1000
06267 1000
06289 1000
06290 1000
06350 1000
06389 1000
06390 1000
06404 1000
06405 1000
06434 1000
06450 1000
06489 1000
06490 1000
06497 1000
06550 1000
06589 1000
06590 1000
06646 1000
06650 1000
06689 1000
06690 1000
06750 1000
06755 1000
06789 1000
06790 1000
06791 1000
06795 1000
06850 1000
06889 1000
06890 1000
06930 1000
06950 1000
06989 1000
06990 1000
07050 1000
07089 1000
07090 1000
07099 1000
07124 1000
07150 1000
07158 1000
07167 1000
07189 1000
07190 1000
07215 1000
07250 1000
07289 1000
07290 1000
07350 1000
07362 1000
07366 1000
07389 1000
07390 1000
07450 1000
07485 1000
07489 1000
07490 1000
07550 1000
07580 1000
07589 1000
07590 1000
07595 1000
07617 1000
07632 1000
07650 1000
07689 1000
07690 1000
07695 1000
07750 1000
07759 1000
07789 1000
07790 1000
07820 1000
07850 1000
07862 1000
07870 1000
07889 1000
07890 1000
07932 1000
07949 1000
07950 1000
07960 1000
07963 1000
07989 1000
07990 1000
08038 1000
08050 1000
08089 1000
08090 1000
08138 1000
08150 1000
08189 1000
08190 1000
08250 1000
08289 1000
08290 1000
08350 1000
08363 1000
08377 1000
08389 1000
08390 1000
08413 1000
08446 1000
08450 1000
08456 1000
08489 1000
08490 1000
08503 1000
08541 1000
08550 1000
08589 1000
08590 1000
08607 1000
08644 1000
08646 1000
08650 1000
08650 1000
08689 1000
08690 1000
08750 1000
08789 1000
08790 1000
08850 1000
08866 1000
08878 1000
08889 1000
08890 1000
08950 1000
08989 1000
08990 1000
08995 1000
09001 1000
09007 1000
09023 1000
09028 1000
09046 1000
09050 1000
09089 1000
09090 1000
09103 1000
09150 1000
09189 1000
09190 1000
09222 1000
09250 1000
09289 1000
09290 1000
09336 1000
09350 1000
09359 1000
09389 1000
09390 1000
09450 1000
09469 1000
09471 1000
09477 1000
09489 1000
09490 1000
09500 1000
09502 1000
09530 1000
09533 1000
09550 1000
09589 1000
09590 1000
09640 1000
09650 1000
09678 1000
09689 1000
09690 1000
09726 1000
09750 1000
09778 1000
09789 1000
09790 1000
09832 1000
09850 1000
09861 1000
09889 1000
09890 1000
09950 1000
09985 1000
09989 1000
09990 1000
10031 1000
10040 1000
10042 1000
10050 1000
10089 1000
10090 1000
10126 1000
10150 1000
10189 1000
10190 1000
10195 1000
10250 1000
10289 1000
10290 1000
10344 1000
10350 1000
10389 1000
10390 1000
10395 1000
10396 1000
10413 1000
10450 1000
10452 1000
10489 1000
10490 1000
10496 1000
10506 1000
10550 1000
10584 1000
10589 1000
10590 1000
10650 1000
10689 1000
10690 1000
10750 1000
10761 1000
10789 1000
10790 1000
10850 1000
10889 1000
10890 1000
10900 1000
10900 1000
10901 1000
10902 1000
10903 1000
10904 1000
10905 1000
10906 1000
10907 1000
10908 1000
10909 1000
10910 1000
10911 1000
10912 1000
10913 1000
10914 1000
10915 1000
10916 1000
10917 1000
10918 1000
10919 1000
10920 1000
10921 1000
10922 1000
10923 1000
10924 1000
10925 1000
10926 1000
10927 1000
10928 1000
10929 1000
10930 1000
10931 1000
10932 1000
10933 1000
10934 1000
10935 1000
10936 1000
10937 1000
10938 1000
10939 1000
10940 1000
10941 1000
10942 1000
10943 1000
10944 1000
10945 1000
10946 1000
10947 1000
10948 1000
10949 1000
10950 1000
10950 1000
10951 1000
10952 1000
10953 1000
10954 1000
10954 1000
10955 1000
10956 1000
10957 1000
10958 1000
10959 1000
10960 1000
10961 1000
10962 1000
10963 1000
10964 1000
10965 1000
10966 1000
10967 1000
10968 1000
10969 1000
10970 1000
10971 1000
10972 1000
10973 1000
10974 1000
10975 1000
10976 1000
10977 1000
10978 1000
10979 1000
10980 1000
10981 1000
10982 1000
10983 1000
10984 1000
10985 1000
10986 1000
10987 1000
10988 1000
10988 1250
10989 1.250.000EUROS
10990 2500
10990 1000
10990 1000
10991 1000
10992 1000
10993 1000
10994 1000
10995 1000
10996 1000
10997 1000
10998 1000
10999 1000
11025 1000
11026 1000
11029 1000
11050 1000
11089 1000
11090 1000
11092 1000
11150 1000
11189 1000
11189 1000
11190 1000
11198 1000
11233 1000
11250 1000
11289 1000
11290 1000
11305 1000
11350 1000
11389 1000
11390 1000
11450 1000
11450 1000
11489 1000
11490 1000
11516 1000
11519 1000
11550 1000
11589 1000
11590 1000
11633 1000
11644 1000
11650 1000
11661 1000
11689 1000
11690 1000
11710 1000
11750 1000
11789 1000
11790 1000
11812 1000
11850 1000
11852 1000
11889 1000
11890 1000
11950 1000
11971 1000
11989 1000
11990 1000
12050 1000
12059 1000
12075 1000
12089 1000
12090 1000
12090 1000
12091 1000
12098 1000
12116 1000
12150 1000
12161 1000
12189 1000
12190 1000
12197 1000
12250 1000
12289 1000
12290 1000
12350 1000
12389 1000
12390 1000
12441 1000
12450 1000
12464 1000
12489 1000
12490 1000
12521 1000
12550 1000
12585 1000
12589 1000
12590 1000
12650 1000
12661 1000
12665 1000
12671 1000
12689 1000
12690 1000
12691 1000
12700 1000
12750 1000
12789 1000
12790 1000
12850 1000
12860 1000
12889 1000
12890 1000
12892 1000
12950 1000
12989 1000
12990 1000
13037 1000
13050 1000
13089 1000
13090 1000
13150 1000
13164 1000
13189 1000
13190 1000
13239 1000
13250 1000
13289 1000
13290 1000
13298 1000
13299 1000
13350 1000
13358 1000
13389 1000
13390 1000
13414 1000
13450 1000
13489 1000
13490 1000
13548 1000
13550 1000
13589 1000
13590 1000
13650 1000
13689 1000
13690 1000
13750 1000
13770 1000
13788 1000
13789 1000
13789 1000
13790 1000
13813 1000
13826 1000
13850 1000
13889 1000
13890 1000
13936 1000
13950 1000
13989 1000
13990 1000
14050 1000
14089 1000
14090 1000
14107 1000
14150 1000
14189 1000
14190 1000
14194 1000
14208 1000
14219 1000
14250 1000
14289 1000
14290 1000
14328 1000
14350 1000
14389 1000
14390 1000
14400 1000
14450 1000
14489 1000
14490 1000
14499 1000
14534 1000
14545 1000
14550 1000
14565 1000
14589 1000
14590 1000
14604 1000
14632 1000
14650 1000
14689 1000
14690 1000
14697 1000
14703 1000
14750 1000
14750 1000
14789 1000
14790 1000
14850 1000
14889 1000
14890 1000
14913 1000
14950 1000
14989 1000
14990 1000
15050 1000
15089 1000
15090 1000
15140 1000
15150 1000
15189 1000
15190 1000
15211 1000
15216 1000
15221 1000
15231 1000
15250 1000
15271 1000
15289 1000
15290 1000
15350 1000
15389 1000
15390 1000
15403 1000
15449 1000
15450 1000
15489 1000
15490 1000
15523 1000
15550 1000
15589 1000
15590 1000
15650 1000
15689 1000
15690 1000
15718 1000
15750 1000
15789 1000
15790 1000
15810 1000
15818 1000
15850 1000
15889 1000
15890 1000
15896 1000
15948 1000
15950 1000
15956 1000
15989 1000
15990 1000
16020 1000
16050 1000
16082 1000
16089 1000
16090 1000
16150 1000
16188 1000
16189 1000
16190 1000
16212 1000
16236 1000
16250 1000
16250 1000
16289 1000
16290 1000
16350 1000
16389 1000
16390 1000
16402 1000
16443 1000
16450 1000
16489 1000
16490 1000
16550 1000
16589 1000
16590 1000
16602 1000
16604 1000
16650 1000
16689 1000
16690 1000
16750 1000
16789 1000
16790 1000
16822 1000
16850 1000
16854 1000
16889 1000
16890 1000
16950 1000
16989 1000
16990 1000
17050 1000
17089 1000
17090 1000
17150 1000
17189 1000
17190 1000
17250 1000
17289 1000
17290 1000
17319 1000
17350 1000
17389 1000
17390 1000
17404 1000
17409 1000
17449 1000
17450 1000
17485 1000
17489 1000
17490 1000
17550 1000
17568 1000
17589 1000
17590 1000
17629 1000
17632 1000
17639 1000
17650 1000
17685 1000
17687 1000
17689 1000
17690 1000
17750 1000
17789 1000
17790 1000
17850 1000
17889 1000
17890 1000
17950 1000
17979 1000
17989 1000
17990 1000
18030 1000
18050 1000
18089 1000
18090 1000
18098 1000
18107 1000
18150 1000
18169 1000
18177 1000
18180 1000
18189 1000
18190 1000
18193 1000
18195 1000
18226 1000
18250 1000
18289 1000
18290 1000
18350 1000
18389 1000
18390 1000
18413 1000
18450 1000
18455 1000
18478 1000
18489 1000
18490 1000
18520 1000
18550 1000
18589 1000
18590 1000
18650 1000
18681 1000
18689 1000
18690 1000
18696 1000
18739 1000
18750 1000
18789 1000
18790 1000
18850 1000
18889 1000
18890 1000
18950 1000
18965 1000
18989 1000
18990 1000
19032 1000
19050 1000
19089 1000
19090 1000
19150 1000
19189 1000
19190 1000
19250 1000
19289 1000
19290 1000
19350 1000
19389 1000
19390 1000
19434 1000
19450 1000
19466 1000
19489 1000
19490 1000
19550 1000
19589 1000
19590 1000
19592 1000
19620 1000
19650 1000
19664 1000
19689 1000
19690 1000
19715 1000
19750 1000
19774 1000
19789 1000
19790 1000
19819 1000
19850 1000
19869 1000
19889 1000
19890 1000
19950 1000
19979 1000
19989 1000
19990 1000
20017 1000
20018 1000
20034 1000
20046 1000
20050 1000
20089 1000
20090 1000
20109 1000
20150 1000
20189 1000
20190 1000
20236 1000
20250 1000
20289 1000
20290 1000
20326 1000
20333 1000
20350 1000
20389 1000
20390 1000
20450 1000
20479 1000
20489 1000
20490 1000
20550 1000
20570 1000
20589 1000
20590 1000
20637 1000
20650 1000
20659 1000
20660 1000
20689 1000
20690 1000
20702 1000
20750 1000
20754 1000
20789 1000
20790 1000
20850 1000
20889 1000
20890 1000
20926 1000
20950 1000
20989 1000
20990 1000
21050 1000
21069 1000
21073 1000
21089 1000
21090 1000
21097 1000
21110 1000
21130 1000
21133 1000
21146 1000
21150 1000
21158 1000
21184 1000
21189 1000
21190 1000
21228 1000
21238 1000
21239 1000
21250 1000
21277 1000
21289 1000
21290 1000
21312 1000
21331 1000
21350 1000
21351 1000
21380 1000
21389 1000
21390 1000
21450 1000
21489 1000
21490 1000
21550 1000
21589 1000
21590 1000
21603 1000
21624 1000
21643 1000
21650 1000
21689 1000
21690 1000
21727 1000
21750 1000
21789 1000
21790 1000
21850 1000
21862 1000
21886 1000
21889 1000
21890 1000
21914 1000
21942 1000
21950 1000
21960 1000
21989 1000
21990 1000
22008 1000
22033 1000
22050 1000
22083 1000
22089 1000
22090 1000
22150 1000
22164 1000
22189 1000
22190 1000
22212 1000
22250 1000
22282 1000
22289 1000
22290 1000
22300 1000
22301 1000
22339 1000
22349 1000
22350 1000
22358 1000
22389 1000
22390 1000
22398 1000
22406 1000
22450 1000
22465 1000
22489 1000
22490 1000
22510 1000
22550 1000
22566 1000
22575 1000
22578 1000
22589 1000
22590 1000
22632 1000
22650 1000
22662 1000
22686 1000
22689 1000
22690 1000
22695 1000
22724 1000
22750 1000
22789 1000
22790 1000
22828 1000
22850 1000
22889 1000
22890 1000
22950 1000
22989 1000
22990 1000
23050 1000
23090 1000
23124 1000
23150 1000
23189 1000
23190 1000
23250 1000
23286 1000
23289 1000
23290 1000
23309 1000
23318 1000
23350 1000
23389 1000
23390 1000
23450 1000
23479 1000
23489 1000
23490 1000
23490 1000
23520 1000
23550 1000
23580 1000
23589 1000
23590 1000
23609 1000
23633 1000
23650 1000
23689 1000
23690 1000
23750 1000
23789 1000
23790 1000
23850 1000
23883 1000
23889 1000
23890 1000
23941 1000
23950 1000
23984 1000
23988 1000
23989 1000
23990 1000
24050 1000
24089 1000
24090 1000
24141 1000
24150 1000
24164 1000
24189 1000
24190 1000
24197 1000
24229 1000
24250 1000
24265 1000
24289 1000
24290 1000
24309 1000
24314 1000
24329 1000
24350 1000
24389 1000
24390 1000
24403 1000
24422 1000
24431 1000
24450 1000
24481 1000
24489 1000
24490 1000
24496 1000
24550 1000
24589 1000
24590 1000
24594 1000
24616 1000
24650 1000
24661 1000
24689 1000
24690 1000
24750 1000
24783 1000
24789 1000
24790 1000
24813 1000
24850 1000
24872 1000
24889 1000
24890 1000
24908 1000
24909 1000
24924 1000
24950 1000
24989 1000
24990 1000
24996 1000
25050 1000
25089 1000
25090 1000
25114 1000
25150 1000
25158 1000
25167 1000
25189 1000
25190 1000
25194 1000
25250 1000
25289 1000
25290 1000
25291 1000
25350 1000
25389 1000
25390 1000
25431 1000
25450 1000
25489 1000
25490 1000
25550 1000
25589 1000
25590 1000
25643 1000
25650 1000
25654 1000
25655 1000
25689 1000
25690 1000
25692 1000
25734 1000
25750 1000
25781 1000
25783 1000
25789 1000
25790 1000
25820 1000
25822 1000
25850 1000
25850 1000
25864 1000
25883 1000
25889 1000
25890 1000
25950 1000
25989 1000
25990 1000
26029 1000
26050 1000
26089 1000
26090 1000
26150 1000
26180 1000
26189 1000
26190 1000
26209 1000
26250 1000
26289 1000
26290 1000
26350 1000
26384 1000
26386 1000
26389 1000
26390 1000
26450 1000
26464 1000
26489 1000
26490 1000
26500 1000
26501 1000
26502 1000
26503 1000
26504 1000
26505 1000
26506 1000
26507 1000
26508 1000
26509 1000
26510 1000
26511 1000
26512 1000
26513 1000
26514 1000
26515 1000
26516 1000
26517 1000
26518 1000
26519 1000
26520 1000
26521 1000
26522 1000
26523 1000
26524 1000
26525 1000
26526 1000
26527 1000
26528 1000
26529 1000
26530 1000
26531 1000
26532 1000
26533 1000
26534 1000
26535 1000
26536 1000
26537 1000
26538 1000
26539 1000
26540 1000
26541 1000
26542 1000
26543 1000
26544 1000
26545 1000
26546 1000
26547 1000
26548 1000
26549 1000
26550 1000
26550 1000
26551 1000
26552 1000
26553 1000
26554 1000
26555 1000
26556 1000
26557 1000
26558 1000
26559 1000
26560 1000
26561 1000
26562 1000
26563 1000
26564 1000
26565 1000
26566 1000
26567 1000
26568 1000
26569 1000
26570 1000
26571 1000
26572 1000
26573 1000
26574 1000
26575 1000
26576 1000
26577 1000
26578 1000
26579 1000
26580 1000
26581 1000
26582 1000
26583 1000
26584 1000
26585 1000
26586 1000
26587 1000
26588 1000
26589 1000
26589 1000
26589 2000
26590 4.000.000DE EUROS
26591 0000
26591 1000
26592 1000
26593 1000
26594 1000
26595 1000
26596 1000
26597 1000
26598 1000
26599 1000
26614 1000
26650 1000
26689 1000
26690 1000
26701 1000
26750 1000
26789 1000
26790 1000
26836 1000
26850 1000
26852 1000
26864 1000
26885 1000
26889 1000
26889 1000
26890 1000
26927 1000
26950 1000
26966 1000
26989 1000
26990 1000
27015 1000
27030 1000
27035 1000
27050 1000
27089 1000
27090 1000
27150 1000
27159 1000
27189 1000
27190 1000
27190 1000
27227 1000
27250 1000
27289 1000
27290 1000
27291 1000
27331 1000
27343 1000
27350 1000
27389 1000
27390 1000
27401 1000
27450 1000
27454 1000
27473 1000
27489 1000
27490 1000
27550 1000
27589 1000
27590 1000
27601 1000
27623 1000
27650 1000
27653 1000
27667 1000
27689 1000
27690 1000
27692 1000
27750 1000
27776 1000
27789 1000
27790 1000
27836 1000
27850 1000
27857 1000
27866 1000
27889 1000
27890 1000
27950 1000
27980 1000
27989 1000
27990 1000
28050 1000
28089 1000
28090 1000
28091 1000
28092 1000
28150 1000
28189 1000
28190 1000
28250 1000
28257 1000
28289 1000
28290 1000
28350 1000
28389 1000
28390 1000
28434 1000
28450 1000
28455 1000
28489 1000
28490 1000
28503 1000
28517 1000
28550 1000
28553 1000
28580 1000
28589 1000
28590 1000
28636 1000
28650 1000
28665 1000
28669 1000
28689 1000
28690 1000
28710 1000
28737 1000
28741 1000
28750 1000
28789 1000
28790 1000
28839 1000
28850 1000
28889 1000
28890 1000
28949 1000
28950 1000
28957 1000
28971 1000
28989 1000
28990 1000
29050 1000
29073 1000
29089 1000
29090 1000
29137 1000
29150 1000
29185 1000
29189 1000
29190 1000
29206 1000
29219 1000
29250 1000
29254 1000
29289 1000
29290 1000
29350 1000
29384 1000
29389 1000
29390 1000
29431 1000
29450 1000
29459 1000
29470 1000
29489 1000
29490 1000
29550 1000
29589 1000
29590 1000
29650 1000
29689 1000
29690 1000
29712 1000
29750 1000
29789 1000
29790 1000
29850 1000
29889 1000
29889 1000
29890 1000
29950 1000
29989 1000
29990 1000
30010 1000
30039 1000
30050 1000
30077 1000
30089 1000
30090 1000
30091 1000
30150 1000
30189 1000
30190 1000
30205 1000
30211 1000
30232 1000
30250 1000
30289 1000
30290 1000
30296 1000
30341 1000
30350 1000
30389 1000
30390 1000
30398 1000
30438 1000
30450 1000
30459 1000
30467 1000
30489 1000
30490 1000
30529 1000
30550 1000
30589 1000
30590 1000
30603 1000
30620 1000
30650 1000
30665 1000
30666 1000
30689 1000
30690 1000
30722 1000
30723 1000
30750 1000
30789 1000
30790 1000
30811 1000
30850 1000
30884 1000
30889 1000
30890 1000
30948 1000
30950 1000
30989 1000
30990 1000
30995 1000
31050 1000
31089 1000
31090 1000
31111 1000
31119 1000
31128 1000
31150 1000
31188 1000
31189 1000
31190 1000
31196 1000
31217 1000
31250 1000
31289 1000
31290 1000
31290 1000
31312 1000
31343 1000
31350 1000
31389 1000
31390 1000
31423 1000
31430 1000
31450 1000
31460 1000
31479 1000
31489 1000
31490 1000
31522 1000
31550 1000
31569 1000
31589 1000
31590 1000
31650 1000
31659 1000
31663 1000
31689 1000
31690 1000
31750 1000
31750 1000
31789 1000
31790 1000
31798 1000
31835 1000
31850 1000
31889 1000
31890 1000
31950 1000
31964 1000
31989 1000
31990 1000
32002 1000
32021 1000
32050 1000
32067 1000
32089 1000
32090 1000
32098 1000
32150 1000
32156 1000
32160 1000
32189 1000
32190 1000
32250 1000
32289 1000
32290 1000
32346 1000
32350 1000
32381 1000
32389 1000
32390 1000
32420 1000
32444 1000
32450 1000
32482 1000
32489 1000
32490 1000
32500 1000
32511 1000
32550 1000
32582 1000
32589 1000
32590 1000
32650 1000
32681 1000
32689 1000
32690 1000
32750 1000
32779 1000
32789 1000
32790 1000
32825 1000
32829 1000
32850 1000
32867 1000
32889 1000
32890 1000
32927 1000
32936 1000
32942 1000
32950 1000
32973 1000
32978 1000
32981 1000
32989 1000
32990 1000
33017 1000
33032 1000
33048 1000
33050 1000
33081 1000
33089 1000
33090 1000
33122 1000
33150 1000
33189 1000
33190 1000
33250 1000
33255 1000
33270 1000
33289 1000
33290 1000
33296 1000
33327 1000
33350 1000
33366 1000
33389 1000
33390 1000
33450 1000
33489 1000
33490 1000
33510 1000
33525 1000
33529 1000
33550 1000
33589 1000
33590 1000
33650 1000
33661 1000
33689 1000
33690 1000
33715 1000
33749 1000
33750 1000
33789 1000
33790 1000
33850 1000
33868 1000
33889 1000
33890 1000
33945 1000
33950 1000
33952 1000
33954 1000
33959 1000
33979 1000
33989 1000
33990 1000
34050 1000
34075 1000
34089 1000
34090 1000
34116 1000
34150 1000
34189 1000
34190 1000
34250 1000
34289 1000
34290 1000
34331 1000
34344 1000
34350 1000
34389 1000
34390 1000
34426 1000
34450 1000
34459 1000
34489 1000
34490 1000
34513 1000
34540 1000
34547 1000
34549 1000
34550 1000
34569 1000
34589 1000
34590 1000
34650 1000
34657 1000
34689 1000
34690 1000
34744 1000
34750 1000
34789 1000
34790 1000
34850 1000
34889 1000
34890 1000
34950 1000
34976 1000
34989 1000
34990 1000
35003 1000
35050 1000
35074 1000
35089 1000
35090 1000
35106 1000
35150 1000
35165 1000
35189 1000
35190 1000
35250 1000
35289 1000
35290 1000
35350 1000
35389 1000
35390 1000
35450 1000
35489 1000
35490 1000
35550 1000
35557 1000
35589 1000
35590 1000
35650 1000
35689 1000
35690 1000
35701 1000
35750 1000
35789 1000
35790 1000
35850 1000
35875 1000
35889 1000
35890 1000
35913 1000
35929 1000
35950 1000
35967 1000
35989 1000
35990 1000
35990 1000
36010 1000
36013 1000
36048 1000
36050 1000
36068 1000
36089 1000
36090 1000
36137 1000
36150 1000
36189 1000
36190 1000
36250 1000
36253 1000
36275 1000
36289 1000
36290 1000
36320 1000
36350 1000
36389 1000
36390 1000
36450 1000
36489 1000
36490 1000
36511 1000
36525 1000
36550 1000
36589 1000
36590 1000
36650 1000
36689 1000
36690 1000
36693 1000
36750 1000
36789 1000
36790 1000
36834 1000
36836 1000
36837 1000
36850 1000
36864 1000
36889 1000
36890 1000
36900 1000
36915 1000
36950 1000
36970 1000
36989 1000
36990 1000
37050 1000
37089 1000
37090 1000
37150 1000
37189 1000
37190 1000
37216 1000
37250 1000
37258 1000
37289 1000
37290 1000
37328 1000
37350 1000
37389 1000
37390 1000
37450 1000
37489 1000
37490 1000
37516 1000
37519 1000
37550 1000
37589 1000
37590 1000
37650 1000
37689 1000
37690 1000
37750 1000
37776 1000
37789 1000
37790 1000
37803 1000
37824 1000
37849 1000
37850 1000
37889 1000
37890 1000
37950 1000
37989 1000
37990 1000
38050 1000
38089 1000
38090 1000
38114 1000
38150 1000
38159 1000
38189 1000
38190 1000
38217 1000
38248 1000
38250 1000
38289 1000
38290 1000
38350 1000
38384 1000
38389 1000
38390 1000
38450 1000
38489 1000
38490 1000
38522 1000
38524 1000
38550 1000
38589 1000
38590 1000
38641 1000
38650 1000
38651 1000
38689 1000
38690 1000
38743 1000
38750 1000
38764 1000
38789 1000
38790 1000
38817 1000
38850 1000
38889 1000
38889 1000
38890 1000
38927 1000
38950 1000
38976 1000
38989 1000
38990 1000
39018 1000
39050 1000
39068 1000
39089 1000
39090 1000
39150 1000
39189 1000
39190 1000
39207 1000
39250 1000
39251 1000
39289 1000
39290 1000
39350 1000
39389 1000
39390 1000
39431 1000
39450 1000
39489 1000
39490 1000
39550 1000
39568 1000
39589 1000
39590 1000
39650 1000
39689 1000
39690 1000
39750 1000
39789 1000
39790 1000
39799 1000
39813 1000
39850 1000
39889 1000
39890 1000
39910 1000
39950 1000
39989 1000
39990 1000
40050 1000
40089 1000
40090 1000
40150 1000
40189 1000
40190 1000
40250 1000
40268 1000
40284 1000
40289 1000
40290 1000
40350 1000
40369 1000
40389 1000
40390 1000
40396 1000
40450 1000
40482 1000
40489 1000
40490 1000
40550 1000
40581 1000
40589 1000
40590 1000
40650 1000
40653 1000
40689 1000
40690 1000
40750 1000
40789 1000
40790 1000
40820 1000
40850 1000
40889 1000
40890 1000
40894 1000
40911 1000
40914 1000
40916 1000
40933 1000
40950 1000
40989 1000
40990 1000
41028 1000
41039 1000
41050 1000
41089 1000
41090 1000
41096 1000
41131 1000
41150 1000
41185 1000
41189 1000
41190 1000
41250 1000
41260 1000
41267 1000
41289 1000
41290 1000
41296 1000
41350 1000
41389 1000
41390 1000
41390 1000
41450 1000
41489 1000
41490 1000
41550 1000
41589 1000
41590 1000
41619 1000
41632 1000
41640 1000
41650 1000
41689 1000
41690 1000
41700 1000
41701 1000
41702 1000
41703 1000
41704 1000
41705 1000
41706 1000
41707 1000
41708 1000
41709 1000
41712 1000
41713 1000
41714 1000
41715 1000
41716 1000
41716 1000
41717 1000
41717 1000
41718 1000
41719 1000
41720 1000
41721 1000
41722 1000
41723 1000
41724 1000
41725 1000
41726 1000
41727 1000
41728 1000
41729 1000
41730 1000
41731 1000
41732 1000
41733 1000
41734 1000
41735 1000
41736 1000
41737 1000
41738 1000
41739 1000
41740 1000
41741 1000
41742 1000
41743 1000
41744 1000
41745 1000
41746 1000
41747 1000
41748 1000
41749 1000
41750 1000
41750 1000
41751 1000
41752 1000
41753 1000
41754 1000
41755 1000
41756 1000
41757 1000
41758 1000
41759 1000
41760 1000
41761 1000
41762 1000
41763 1000
41764 1000
41765 1000
41766 1000
41767 1000
41768 1000
41769 1000
41770 1000
41771 1000
41772 1000
41773 1000
41774 1000
41775 1000
41776 1000
41777 1000
41778 1000
41779 1000
41780 1000
41781 1000
41782 1000
41783 1000
41784 1000
41785 1000
41786 1000
41787 1000
41788 1000
41789 1000
41789 1000
41790 1000
41790 1000
41791 1000
41792 1000
41793 1000
41794 1000
41795 1000
41796 1000
41797 1000
41798 1000
41799 1000
41814 1000
41829 1000
41850 1000
41857 1000
41889 1000
41890 1000
41908 1000
41920 1000
41950 1000
41989 1000
41990 1000
42023 1000
42050 1000
42089 1000
42090 1000
42137 1000
42143 1000
42150 1000
42189 1000
42190 1000
42250 1000
42261 1000
42289 1000
42290 1000
42350 1000
42374 1000
42377 1000
42389 1000
42390 1000
42419 1000
42430 1000
42450 1000
42465 1000
42471 1000
42489 1000
42490 1000
42503 1000
42550 1000
42550 1000
42589 1000
42590 1000
42650 1000
42689 1000
42690 1000
42750 1000
42780 1000
42789 1000
42790 1000
42802 1000
42850 1000
42851 1000
42884 1000
42889 1000
42890 1000
42907 1000
42920 1000
42950 1000
42989 1000
42990 1000
43028 1000
43036 1000
43050 1000
43055 1000
43089 1000
43090 1000
43095 1000
43150 1000
43185 1000
43189 1000
43190 1000
43250 1000
43289 1000
43290 1000
43344 1000
43350 1000
43389 1000
43390 1000
43405 1000
43423 1000
43450 1000
43489 1000
43490 1000
43490 1000
43550 1000
43550 1000
43589 1000
43590 1000
43650 1000
43689 1000
43690 1000
43750 1000
43789 1000
43790 1000
43797 1000
43836 1000
43850 1000
43889 1000
43890 1000
43950 1000
43989 1000
43990 1000
44050 1000
44089 1000
44090 1000
44106 1000
44136 1000
44138 1000
44150 1000
44165 1000
44189 1000
44190 1000
44250 1000
44289 1000
44290 1000
44328 1000
44350 1000
44373 1000
44389 1000
44390 1000
44412 1000
44441 1000
44450 1000
44453 1000
44489 1000
44490 1000
44536 1000
44541 1000
44550 1000
44554 1000
44589 1000
44590 1000
44634 1000
44640 1000
44650 1000
44663 1000
44689 1000
44690 1000
44695 1000
44726 1000
44732 1000
44750 1000
44788 1000
44789 1000
44790 1000
44850 1000
44889 1000
44890 1000
44904 1000
44916 1000
44930 1000
44938 1000
44948 1000
44950 1000
44977 1000
44989 1000
44990 1000
45009 1000
45050 1000
45063 1000
45089 1000
45090 1000
45150 1000
45170 1000
45189 1000
45190 1000
45250 1000
45289 1000
45290 1000
45350 1000
45380 1000
45389 1000
45390 1000
45425 1000
45450 1000
45466 1000
45480 1000
45489 1000
45490 1000
45529 1000
45550 1000
45589 1000
45590 1000
45600 1000
45632 1000
45650 1000
45661 1000
45689 1000
45690 1000
45690 1000
45750 1000
45789 1000
45790 1000
45850 1000
45889 1000
45890 1000
45937 1000
45950 1000
45967 1000
45976 1000
45989 1000
45990 1000
46042 1000
46047 1000
46050 1000
46089 1000
46090 1000
46098 1000
46139 1000
46150 1000
46182 1000
46187 1000
46189 1000
46190 1000
46209 1000
46247 1000
46250 1000
46250 1000
46266 1000
46289 1000
46290 1000
46293 1000
46309 1000
46343 1000
46350 1000
46389 1000
46390 1000
46450 1000
46476 1000
46489 1000
46490 1000
46540 1000
46550 1000
46589 1000
46590 1000
46606 1000
46646 1000
46650 1000
46689 1000
46690 1000
46722 1000
46750 1000
46788 1000
46789 1000
46790 1000
46827 1000
46839 1000
46850 1000
46889 1000
46890 1000
46950 1000
46989 1000
46990 1000
47033 1000
47050 1000
47089 1000
47090 1000
47122 1000
47150 1000
47155 1000
47161 1000
47185 1000
47189 1000
47190 1000
47195 1000
47202 1000
47250 1000
47263 1000
47279 1000
47289 1000
47290 1000
47350 1000
47382 1000
47389 1000
47390 1000
47438 1000
47450 1000
47489 1000
47490 1000
47500 1000
47507 1000
47508 1000
47550 1000
47589 1000
47590 1000
47650 1000
47689 1000
47690 1000
47718 1000
47728 1000
47750 1000
47769 1000
47789 1000
47790 1000
47815 1000
47829 1000
47841 1000
47850 1000
47885 1000
47889 1000
47890 1000
47928 1000
47950 1000
47989 1000
47990 1000
48050 1000
48055 1000
48089 1000
48090 1000
48095 1000
48150 1000
48166 1000
48189 1000
48190 1000
48217 1000
48250 1000
48289 1000
48290 1000
48296 1000
48350 1000
48371 1000
48380 1000
48389 1000
48390 1000
48450 1000
48489 1000
48490 1000
48501 1000
48549 1000
48550 1000
48578 1000
48589 1000
48590 1000
48611 1000
48640 1000
48650 1000
48668 1000
48684 1000
48689 1000
48690 1000
48700 1000
48750 1000
48770 1000
48789 1000
48790 1000
48819 1000
48850 1000
48873 1000
48889 1000
48889 1000
48890 1000
48893 1000
48950 1000
48953 1000
48965 1000
48989 1000
48990 1000
49050 1000
49089 1000
49090 1000
49127 1000
49150 1000
49178 1000
49189 1000
49190 1000
49250 1000
49263 1000
49271 1000
49289 1000
49290 1000
49312 1000
49350 1000
49389 1000
49390 1000
49391 1000
49424 1000
49450 1000
49489 1000
49490 1000
49550 1000
49589 1000
49590 1000
49650 1000
49689 1000
49690 1000
49700 1000
49701 1000
49702 1000
49703 1000
49704 1000
49705 1000
49706 1000
49707 1000
49708 1000
49709 1000
49710 1000
49711 1000
49712 1000
49713 1000
49714 1000
49715 1000
49716 1000
49717 1000
49718 1000
49719 1000
49720 1000
49721 1000
49722 1000
49723 1000
49724 1000
49725 1000
49726 1000
49727 1000
49728 1000
49729 1000
49730 1000
49731 1000
49732 1000
49733 1000
49733 1000
49734 1000
49735 1000
49736 1000
49737 1000
49738 1000
49739 1000
49739 1000
49740 1000
49741 1000
49742 1000
49743 1000
49744 1000
49745 1000
49746 1000
49747 1000
49748 1000
49749 1000
49750 1000
49750 1000
49751 1000
49752 1000
49753 1000
49754 1000
49755 1000
49756 1000
49757 1000
49758 1000
49759 1000
49760 1000
49761 1000
49762 1000
49763 1000
49764 1000
49765 1000
49766 1000
49767 1000
49768 1000
49769 1000
49770 1000
49771 1000
49772 1000
49773 1000
49774 1000
49775 1000
49776 1000
49777 1000
49778 1000
49779 1000
49780 1000
49781 1000
49782 1000
49783 1000
49784 1000
49785 1000
49786 1000
49787 1000
49788 1000
49789 1000
49789 1000
49790 1000
49790 1000
49791 1000
49792 1000
49793 1000
49794 1000
49795 1000
49796 1000
49799 1000
49850 1000
49886 1000
49889 1000
49890 1000
49933 1000
49950 1000
49975 1000
49982 1000
49989 1000
49990 1000
50012 1000
50050 1000
50089 1000
50090 1000
50117 1000
50136 1000
50150 1000
50178 1000
50189 1000
50190 1000
50218 1000
50250 1000
50289 1000
50290 1000
50348 1000
50350 1000
50389 1000
50390 1000
50442 1000
50445 1000
50450 1000
50489 1000
50490 1000
50502 1000
50530 1000
50544 1000
50550 1000
50550 1000
50589 1000
50590 1000
50618 1000
50630 1000
50637 1000
50650 1000
50665 1000
50689 1000
50690 1000
50750 1000
50767 1000
50789 1000
50790 1000
50833 1000
50850 1000
50869 1000
50870 1000
50886 1000
50889 1000
50890 1000
50891 1000
50918 1000
50950 1000
50989 1000
50990 1000
51050 1000
51051 1000
51078 1000
51089 1000
51090 1000
51122 1000
51150 1000
51162 1000
51189 1000
51190 1000
51194 1000
51197 1000
51215 1000
51239 1000
51244 1000
51250 1000
51280 1000
51289 1000
51290 1000
51315 1000
51350 1000
51389 1000
51390 1000
51395 1000
51450 1000
51460 1000
51469 1000
51477 1000
51489 1000
51490 1000
51549 1000
51550 1000
51568 1000
51571 1000
51586 1000
51589 1000
51590 1000
51617 1000
51629 1000
51650 1000
51667 1000
51689 1000
51690 1000
51750 1000
51789 1000
51790 1000
51815 1000
51850 1000
51879 1000
51887 1000
51889 1000
51890 1000
51944 1000
51950 1000
51989 1000
51990 1000
52013 1000
52050 1000
52055 1000
52089 1000
52090 1000
52110 1000
52130 1000
52150 1000
52174 1000
52189 1000
52190 1000
52206 1000
52213 1000
52226 1000
52250 1000
52289 1000
52289 1000
52290 1000
52340 1000
52350 1000
52389 1000
52390 1000
52399 1000
52450 1000
52489 1000
52490 1000
52546 1000
52547 1000
52550 1000
52562 1000
52589 1000
52590 1000
52646 1000
52650 1000
52660 1000
52689 1000
52690 1000
52750 1000
52759 1000
52789 1000
52790 1000
52850 1000
52889 1000
52890 1000
52950 1000
52976 1000
52989 1000
52990 1000
53029 1000
53050 1000
53089 1000
53090 1000
53136 1000
53150 1000
53189 1000
53190 1000
53250 1000
53273 1000
53287 1000
53289 1000
53290 1000
53345 1000
53350 1000
53387 1000
53389 1000
53390 1000
53450 1000
53489 1000
53490 1000
53506 1000
53516 1000
53520 1000
53550 1000
53553 1000
53589 1000
53590 1000
53632 1000
53639 1000
53650 1000
53689 1000
53690 1000
53706 1000
53744 1000
53750 1000
53789 1000
53790 1000
53850 1000
53889 1000
53890 1000
53890 1000
53950 1000
53952 1000
53972 1000
53989 1000
53990 1000
53990 1000
54038 1000
54050 1000
54052 1000
54072 1000
54089 1000
54090 1000
54133 1000
54150 1000
54189 1000
54190 1000
54250 1000
54282 1000
54289 1000
54290 1000
54303 1000
54348 1000
54350 1000
54354 1000
54389 1000
54390 1000
54419 1000
54445 1000
54450 1000
54450 1000
54489 1000
54490 1000
54501 1000
54515 1000
54560 1000
54589 1000
54590 1000
54591 1000
54616 1000
54650 1000
54680 1000
54689 1000
54690 1000
54720 1000
54750 1000
54789 1000
54790 1000
54850 1000
54860 1000
54889 1000
54890 1000
54904 1000
54913 1000
54950 1000
54988 1000
54989 1000
54990 1000
55050 1000
55063 1000
55067 1000
55089 1000
55090 1000
55150 1000
55162 1000
55189 1000
55190 1000
55250 1000
55270 1000
55285 1000
55289 1000
55289 1000
55290 1000
55328 1000
55342 1000
55350 1000
55356 1000
55365 1000
55389 1000
55390 1000
55431 1000
55450 1000
55489 1000
55490 1000
55509 1000
55530 1000
55550 1000
55582 1000
55589 1000
55590 1000
55649 1000
55650 1000
55662 1000
55689 1000
55690 1000
55690 1000
55698 1000
55703 1000
55750 1000
55789 1000
55790 1000
55850 1000
55889 1000
55890 1000
55950 1000
55989 1000
55990 1000
56050 1000
56072 1000
56089 1000
56089 1000
56090 1000
56145 1000
56149 1000
56150 1000
56189 1000
56190 1000
56250 1000
56289 1000
56290 1000
56303 1000
56336 1000
56350 1000
56355 1000
56367 1000
56389 1000
56390 1000
56450 1000
56489 1000
56490 1000
56515 1000
56550 1000
56569 1000
56589 1000
56590 1000
56644 1000
56650 1000
56661 1000
56686 1000
56689 1000
56690 1000
56726 1000
56729 1000
56750 1000
56789 1000
56790 1000
56850 1000
56889 1000
56890 1000
56912 1000
56928 1000
56936 1000
56938 1000
56940 1000
56950 1000
56977 1000
56989 1000
56990 1000
57050 1000
57089 1000
57090 1000
57106 1000
57114 1000
57150 1000
57189 1000
57190 1000
57250 1000
57255 1000
57289 1000
57290 1000
57291 1000
57350 1000
57351 1000
57389 1000
57390 1000
57408 1000
57428 1000
57439 1000
57444 1000
57450 1000
57471 1000
57486 1000
57489 1000
57490 1000
57500 1000
57505 1000
57550 1000
57589 1000
57590 1000
57632 1000
57650 1000
57680 1000
57689 1000
57690 1000
57725 1000
57741 1000
57750 1000
57769 1000
57789 1000
57790 1000
57801 1000
57820 1000
57829 1000
57850 1000
57889 1000
57890 1000
57901 1000
57950 1000
57989 1000
57990 1000
58049 1000
58050 1000
58089 1000
58090 1000
58114 1000
58116 1000
58150 1000
58189 1000
58190 1000
58250 1000
58289 1000
58290 1000
58302 1000
58327 1000
58350 1000
58389 1000
58390 1000
58450 1000
58455 1000
58489 1000
58490 1000
58490 1000
58550 1000
58558 1000
58589 1000
58590 1000
58636 1000
58650 1000
58673 1000
58689 1000
58690 1000
58750 1000
58789 1000
58790 1000
58794 1000
58819 1000
58850 1000
58878 1000
58889 1000
58890 1000
58950 1000
58989 1000
58990 1000
59003 1000
59007 1000
59050 1000
59089 1000
59090 1000
59102 1000
59141 1000
59150 1000
59189 1000
59190 1000
59198 1000
59250 1000
59254 1000
59289 1000
59290 1000
59330 1000
59350 1000
59389 1000
59390 1000
59417 1000
59450 1000
59489 1000
59490 1000
59550 1000
59589 1000
59590 1000
59650 1000
59689 1000
59690 1000
59750 1000
59789 1000
59790 1000
59797 1000
59850 1000
59872 1000
59889 1000
59890 1000
59928 1000
59950 1000
59961 1000
59974 1000
59989 1000
59990 1000
60038 1000
60050 1000
60066 1000
60089 1000
60090 1000
60109 1000
60131 1000
60150 1000
60166 1000
60189 1000
60190 1000
60239 1000
60250 1000
60289 1000
60290 1000
60297 1000
60350 1000
60389 1000
60390 1000
60411 1000
60416 1000
60450 1000
60489 1000
60490 1000
60522 1000
60550 1000
60565 1000
60581 1000
60584 1000
60585 1000
60589 1000
60590 1000
60593 1000
60597 1000
60609 1000
60650 1000
60689 1000
60690 1000
60702 1000
60726 1000
60741 1000
60750 1000
60789 1000
60790 1000
60850 1000
60889 1000
60890 1000
60917 1000
60940 1000
60950 1000
60958 1000
60962 1000
60989 1000
60990 1000
61050 1000
61089 1000
61090 1000
61146 1000
61150 1000
61182 1000
61189 1000
61190 1000
61194 1000
61250 1000
61289 1000
61290 1000
61305 1000
61311 1000
61350 1000
61380 1000
61389 1000
61390 1000
61411 1000
61450 1000
61479 1000
61481 1000
61483 1000
61489 1000
61490 1000
61506 1000
61550 1000
61579 1000
61589 1000
61590 1000
61650 1000
61689 1000
61690 1000
61715 1000
61750 1000
61774 1000
61789 1000
61790 1000
61804 1000
61813 1000
61850 1000
61869 1000
61889 1000
61890 1000
61914 1000
61950 1000
61989 1000
61990 1000
62002 1000
62012 1000
62050 1000
62063 1000
62089 1000
62090 1000
62136 1000
62137 1000
62150 1000
62160 1000
62189 1000
62190 1000
62196 1000
62250 1000
62288 1000
62289 1000
62290 1000
62350 1000
62389 1000
62390 1000
62398 1000
62417 1000
62450 1000
62482 1000
62489 1000
62490 1000
62550 1000
62581 1000
62589 1000
62590 1000
62631 1000
62650 1000
62677 1000
62689 1000
62690 1000
62745 1000
62750 1000
62789 1000
62790 1000
62830 1000
62850 1000
62889 1000
62890 1000
62950 1000
62989 1000
62990 1000
63050 1000
63089 1000
63090 1000
63091 1000
63099 1000
63150 1000
63161 1000
63188 1000
63189 1000
63190 1000
63250 1000
63289 1000
63290 1000
63346 1000
63350 1000
63389 1000
63390 1000
63405 1000
63406 1000
63417 1000
63450 1000
63489 1000
63490 1000
63550 1000
63589 1000
63590 1000
63650 1000
63674 1000
63689 1000
63690 1000
63750 1000
63789 1000
63790 1000
63792 1000
63848 1000
63850 1000
63889 1000
63890 1000
63950 1000
63983 1000
63989 1000
63990 1000
63995 1000
64004 1000
64050 1000
64089 1000
64090 1000
64096 1000
64150 1000
64189 1000
64190 1000
64204 1000
64250 1000
64254 1000
64275 1000
64289 1000
64290 1000
64350 1000
64389 1000
64390 1000
64427 1000
64440 1000
64450 1000
64489 1000
64490 1000
64527 1000
64550 1000
64589 1000
64590 1000
64626 1000
64650 1000
64662 1000
64666 1000
64689 1000
64690 1000
64713 1000
64750 1000
64765 1000
64789 1000
64790 1000
64850 1000
64853 1000
64863 1000
64889 1000
64890 1000
64918 1000
64950 1000
64989 1000
64990 1000
65050 1000
65068 1000
65072 1000
65089 1000
65090 1000
65122 1000
65150 1000
65189 1000
65190 1000
65219 1000
65244 1000
65250 1000
65289 1000
65289 1000
65290 1000
65350 1000
65389 1000
65390 1000
65448 1000
65450 1000
65474 1000
65489 1000
65490 1000
65495 1000
65522 1000
65550 1000
65552 1000
65580 1000
65589 1000
65590 1000
65620 1000
65650 1000
65658 1000
65666 1000
65689 1000
65690 1000
65716 1000
65750 1000
65789 1000
65790 1000
65802 1000
65850 1000
65877 1000
65889 1000
65890 1000
65904 1000
65950 1000
65977 1000
65989 1000
65990 1000
66030 1000
66040 1000
66041 1000
66050 1000
66089 1000
66090 1000
66091 1000
66150 1000
66189 1000
66190 1000
66204 1000
66257 1000
66267 1000
66283 1000
66289 1000
66290 1000
66317 1000
66350 1000
66389 1000
66390 1000
66450 1000
66479 1000
66489 1000
66490 1000
66531 1000
66550 1000
66589 1000
66590 1000
66650 1000
66659 1000
66673 1000
66685 1000
66689 1000
66690 1000
66733 1000
66750 1000
66789 1000
66790 1000
66828 1000
66850 1000
66858 1000
66877 1000
66889 1000
66890 1000
66944 1000
66950 1000
66955 1000
66957 1000
66989 1000
66990 1000
67003 1000
67050 1000
67076 1000
67089 1000
67090 1000
67106 1000
67129 1000
67150 1000
67184 1000
67189 1000
67190 1000
67219 1000
67227 1000
67250 1000
67253 1000
67258 1000
67289 1000
67290 1000
67350 1000
67356 1000
67389 1000
67390 1000
67404 1000
67409 1000
67450 1000
67480 1000
67489 1000
67490 1000
67534 1000
67550 1000
67589 1000
67590 1000
67604 1000
67650 1000
67667 1000
67689 1000
67690 1000
67750 1000
67789 1000
67790 1000
67812 1000
67813 1000
67850 1000
67879 1000
67889 1000
67890 1000
67907 1000
67936 1000
67948 1000
67950 1000
67989 1000
67990 1000
68021 1000
68050 1000
68083 1000
68089 1000
68090 1000
68150 1000
68189 1000
68190 1000
68203 1000
68250 1000
68264 1000
68267 1000
68283 1000
68289 1000
68290 1000
68291 1000
68350 1000
68389 1000
68390 1000
68407 1000
68425 1000
68450 1000
68489 1000
68490 1000
68505 1000
68550 1000
68550 1000
68589 1000
68590 1000
68638 1000
68650 1000
68689 1000
68690 1000
68703 1000
68750 1000
68789 1000
68790 1000
68813 1000
68816 1000
68840 1000
68850 1000
68889 1000
68890 1000
68926 1000
68950 1000
68957 1000
68989 1000
68990 1000
69020 1000
69050 1000
69086 1000
69089 1000
69090 1000
69121 1000
69150 1000
69177 1000
69189 1000
69190 1000
69197 1000
69234 1000
69250 1000
69264 1000
69272 1000
69280 1000
69289 1000
69290 1000
69334 1000
69350 1000
69356 1000
69364 1000
69389 1000
69390 1000
69393 1000
69422 1000
69450 1000
69489 1000
69490 1000
69498 1000
69539 1000
69550 1000
69589 1000
69590 1000
69650 1000
69689 1000
69689 1000
69690 1000
69728 1000
69750 1000
69776 1000
69789 1000
69790 1000
69877 1000
69889 1000
69890 1000
69890 1000
69950 1000
69989 1000
69990 1000
70029 1000
70039 1000
70050 1000
70089 1000
70090 1000
70150 1000
70189 1000
70189 1000
70190 1000
70250 1000
70263 1000
70274 1000
70289 1000
70290 1000
70350 1000
70389 1000
70390 1000
70413 1000
70450 1000
70489 1000
70490 1000
70517 1000
70550 1000
70589 1000
70590 1000
70612 1000
70633 1000
70650 1000
70663 1000
70689 1000
70690 1000
70697 1000
70750 1000
70789 1000
70790 1000
70842 1000
70850 1000
70877 1000
70889 1000
70890 1000
70905 1000
70906 1000
70950 1000
70989 1000
70990 1000
71050 1000
71052 1000
71089 1000
71090 1000
71150 1000
71152 1000
71189 1000
71190 1000
71248 1000
71250 1000
71289 1000
71290 1000
71347 1000
71350 1000
71368 1000
71389 1000
71390 1000
71450 1000
71452 1000
71489 1000
71490 1000
71550 1000
71589 1000
71590 1000
71600 1000
71607 1000
71650 1000
71686 1000
71687 1000
71689 1000
71690 1000
71750 1000
71784 1000
71789 1000
71790 1000
71819 1000
71850 1000
71889 1000
71890 1000
71910 1000
71918 1000
71929 1000
71939 1000
71950 1000
71972 1000
71973 1000
71989 1000
71990 1000
71994 1000
72023 1000
72050 1000
72053 1000
72089 1000
72090 1000
72140 1000
72150 1000
72169 1000
72189 1000
72190 1000
72250 1000
72263 1000
72284 1000
72289 1000
72290 1000
72308 1000
72309 1000
72333 1000
72334 1000
72350 1000
72372 1000
72389 1000
72390 1000
72420 1000
72441 1000
72450 1000
72489 1000
72490 1000
72550 1000
72589 1000
72590 1000
72650 1000
72689 1000
72690 1000
72715 1000
72745 1000
72750 1000
72789 1000
72790 1000
72850 1000
72860 1000
72868 1000
72889 1000
72890 1000
72894 1000
72908 1000
72950 1000
72989 1000
72990 1000
73013 1000
73050 1000
73069 1000
73089 1000
73090 1000
73096 1000
73136 1000
73150 1000
73159 1000
73186 1000
73189 1000
73190 1000
73202 1000
73219 1000
73250 1000
73266 1000
73273 1000
73289 1000
73290 1000
73322 1000
73350 1000
73389 1000
73390 1000
73450 1000
73479 1000
73489 1000
73490 1000
73531 1000
73550 1000
73589 1000
73590 1000
73644 1000
73650 1000
73689 1000
73690 1000
73694 1000
73745 1000
73750 1000
73789 1000
73790 1000
73795 1000
73796 1000
73806 1000
73850 1000
73889 1000
73890 1000
73919 1000
73931 1000
73947 1000
73950 1000
73983 1000
73989 1000
73990 1000
74019 1000
74044 1000
74050 1000
74089 1000
74090 1000
74150 1000
74153 1000
74164 1000
74189 1000
74190 1000
74199 1000
74250 1000
74289 1000
74290 1000
74330 1000
74350 1000
74389 1000
74390 1000
74397 1000
74412 1000
74450 1000
74489 1000
74490 1000
74544 1000
74550 1000
74557 1000
74589 1000
74590 1000
74609 1000
74650 1000
74689 1000
74690 1000
74732 1000
74734 1000
74750 1000
74790 1000
74844 1000
74850 1000
74889 1000
74890 1000
74934 1000
74947 1000
74949 1000
74950 1000
74951 1000
74984 1000
74989 1000
74990 1000
75027 1000
75029 1000
75050 1000
75065 1000
75085 1000
75089 1000
75090 1000
75139 1000
75146 1000
75150 1000
75189 1000
75190 1000
75250 1000
75289 1000
75290 1000
75316 1000
75350 1000
75365 1000
75389 1000
75390 1000
75450 1000
75489 1000
75490 1000
75509 1000
75521 1000
75550 1000
75586 1000
75589 1000
75590 1000
75611 1000
75650 1000
75689 1000
75690 1000
75692 1000
75708 1000
75750 1000
75756 1000
75757 1000
75765 1000
75771 1000
75789 1000
75790 1000
75817 1000
75850 1000
75876 1000
75889 1000
75890 1000
75918 1000
75942 1000
75950 1000
75989 1000
75990 1000
76043 1000
76050 1000
76089 1000
76090 1000
76150 1000
76189 1000
76190 1000
76249 1000
76250 1000
76251 1000
76289 1000
76290 1000
76304 1000
76342 1000
76350 1000
76381 1000
76384 1000
76389 1000
76390 1000
76439 1000
76450 1000
76484 1000
76489 1000
76490 1000
76507 1000
76550 1000
76586 1000
76589 1000
76590 1000
76650 1000
76689 1000
76690 1000
76750 1000
76755 1000
76786 1000
76789 1000
76790 1000
76810 1000
76850 1000
76880 1000
76889 1000
76890 1000
76900 1000
76919 1000
76922 1000
76930 1000
76950 1000
76987 1000
76989 1000
76990 1000
76998 1000
77010 1000
77050 1000
77062 1000
77089 1000
77089 1000
77090 1000
77119 1000
77150 1000
77189 1000
77190 1000
77204 1000
77233 1000
77250 1000
77289 1000
77290 1000
77350 1000
77389 1000
77390 1000
77399 1000
77450 1000
77489 1000
77490 1000
77550 1000
77589 1000
77590 1000
77650 1000
77671 1000
77689 1000
77690 1000
77702 1000
77750 1000
77759 1000
77789 1000
77790 1000
77850 1000
77889 1000
77890 1000
77902 1000
77950 1000
77965 1000
77989 1000
77990 1000
78011 1000
78050 1000
78062 1000
78080 1000
78089 1000
78089 1000
78090 1000
78150 1000
78182 1000
78189 1000
78190 1000
78211 1000
78214 1000
78215 1000
78225 1000
78250 1000
78265 1000
78277 1000
78278 1000
78288 1000
78289 1000
78290 1000
78316 1000
78335 1000
78350 1000
78389 1000
78390 1000
78415 1000
78436 1000
78447 1000
78449 1000
78450 1000
78489 1000
78490 1000
78525 1000
78531 1000
78538 1000
78550 1000
78580 1000
78589 1000
78590 1000
78623 1000
78650 1000
78689 1000
78690 1000
78693 1000
78711 1000
78737 1000
78748 1000
78750 1000
78769 1000
78789 1000
78790 1000
78850 1000
78889 1000
78890 1000
78903 1000
78926 1000
78950 1000
78989 1000
78990 1000
79050 1000
79064 1000
79089 1000
79090 1000
79100 1000
79127 1000
79133 1000
79150 1000
79166 1000
79189 1000
79190 1000
79192 1000
79234 1000
79250 1000
79265 1000
79289 1000
79290 1000
79350 1000
79389 1000
79390 1000
79400 1000
79434 1000
79438 1000
79450 1000
79481 1000
79489 1000
79490 1000
79493 1000
79550 1000
79554 1000
79589 1000
79590 1000
79612 1000
79623 1000
79650 1000
79689 1000
79690 1000
79725 1000
79750 1000
79789 1000
79790 1000
79850 1000
79860 1000
79877 1000
79889 1000
79890 1000
79936 1000
79950 1000
79989 1000
79990 1000
79993 1000
80050 1000
80086 1000
80089 1000
80090 1000
80091 1000
80150 1000
80182 1000
80189 1000
80190 1000
80243 1000
80250 1000
80289 1000
80290 1000
80324 1000
80334 1000
80350 1000
80372 1000
80389 1000
80390 1000
80434 1000
80444 1000
80445 1000
80450 1000
80489 1000
80490 1000
80550 1000
80589 1000
80590 1000
80615 1000
80638 1000
80650 1000
80689 1000
80690 1000
80692 1000
80750 1000
80754 1000
80756 1000
80789 1000
80790 1000
80808 1000
80846 1000
80850 1000
80889 1000
80890 1000
80942 1000
80950 1000
80989 1000
80990 1000
81050 1000
81089 1000
81090 1000
81150 1000
81189 1000
81190 1000
81244 1000
81250 1000
81286 1000
81289 1000
81290 1000
81329 1000
81338 1000
81350 1000
81359 1000
81361 1000
81389 1000
81390 1000
81427 1000
81433 1000
81446 1000
81450 1000
81489 1000
81490 1000
81502 1000
81550 1000
81589 1000
81590 1000
81689 1000
81690 1000
81750 1000
81750 1000
81789 1000
81790 1000
81850 1000
81879 1000
81889 1000
81890 1000
81929 1000
81950 1000
81989 1000
81990 1000
81992 1000
82011 1000
82045 1000
82050 1000
82052 1000
82089 1000
82090 1000
82150 1000
82189 1000
82190 1000
82250 1000
82289 1000
82290 1000
82350 1000
82389 1000
82390 1000
82423 1000
82425 1000
82450 1000
82460 1000
82479 1000
82489 1000
82490 1000
82522 1000
82550 1000
82570 1000
82589 1000
82590 1000
82632 1000
82650 1000
82686 1000
82689 1000
82690 1000
82730 1000
82750 1000
82766 1000
82777 1000
82789 1000
82790 1000
82830 1000
82838 1000
82848 1000
82850 1000
82867 1000
82889 1000
82890 1000
82910 1000
82950 1000
82989 1000
82990 1000
83000 1000
83050 1000
83089 1000
83090 1000
83110 1000
83150 1000
83189 1000
83190 1000
83240 1000
83250 1000
83272 1000
83283 1000
83289 1000
83290 1000
83311 1000
83331 1000
83350 1000
83356 1000
83389 1000
83390 1000
83420 1000
83450 1000
83489 1000
83490 1000
83491 1000
83550 1000
83572 1000
83586 1000
83589 1000
83590 1000
83615 1000
83619 1000
83650 1000
83675 1000
83689 1000
83690 1000
83732 1000
83750 1000
83776 1000
83789 1000
83790 1000
83850 1000
83856 1000
83889 1000
83890 1000
83950 1000
83989 1000
83990 1000
84050 1000
84062 1000
84089 1000
84090 1000
84101 1000
84121 1000
84150 1000
84189 1000
84190 1000
84250 1000
84289 1000
84290 1000
84317 1000
84321 1000
84322 1000
84350 1000
84350 1000
84389 1000
84390 1000
84416 1000
84450 1000
84459 1000
84489 1000
84490 1000
84513 1000
84550 1000
84589 1000
84590 1000
84614 1000
84650 1000
84689 1000
84690 1000
84712 1000
84726 1000
84750 1000
84789 1000
84790 1000
84820 1000
84850 1000
84860 1000
84889 1000
84890 1000
84916 1000
84950 1000
84981 1000
84989 1000
84990 1000
84997 1000
85050 1000
85052 1000
85089 1000
85090 1000
85150 1000
85162 1000
85176 1000
85189 1000
85190 1000
85199 1000
85250 1000
85289 1000
85290 1000
85350 1000
85361 1000
85386 1000
85389 1000
85390 1000
85450 1000
85489 1000
85490 1000
85550 1000
85589 1000
85590 1000
85635 1000
85650 1000
85664 1000
85689 1000
85690 1000
85697 1000
85716 1000
85750 1000
85789 1000
85790 1000
85806 1000
85850 1000
85889 1000
85890 1000
85917 1000
85949 1000
85950 1000
85989 1000
85990 1000
85993 1000
86005 1000
86050 1000
86089 1000
86090 1000
86106 1000
86112 1000
86150 1000
86185 1000
86189 1000
86190 1000
86203 1000
86249 1000
86250 1000
86289 1000
86290 1000
86344 1000
86350 1000
86377 1000
86389 1000
86390 1000
86438 1000
86450 1000
86489 1000
86490 1000
86550 1000
86589 1000
86590 1000
86630 1000
86636 1000
86647 1000
86650 1000
86669 1000
86689 1000
86690 1000
86701 1000
86745 1000
86750 1000
86789 1000
86790 1000
86810 1000
86850 1000
86889 1000
86890 1000
86950 1000
86954 1000
86989 1000
86990 1000
87050 1000
87089 1000
87090 1000
87136 1000
87150 1000
87189 1000
87190 1000
87250 1000
87289 1000
87290 1000
87309 1000
87322 1000
87350 1000
87388 1000
87389 1000
87390 1000
87450 1000
87489 1000
87490 1000
87500 1000
87512 1000
87550 1000
87574 1000
87589 1000
87590 1000
87632 1000
87650 1000
87675 1000
87688 1000
87689 1000
87690 1000
87714 1000
87721 1000
87722 1000
87750 1000
87789 1000
87790 1000
87814 1000
87832 1000
87850 1000
87889 1000
87890 1000
87933 1000
87936 1000
87950 1000
87987 1000
87989 1000
87990 1000
88050 1000
88089 1000
88090 1000
88150 1000
88153 1000
88189 1000
88190 1000
88225 1000
88237 1000
88250 1000
88269 1000
88289 1000
88290 1000
88291 1000
88321 1000
88327 1000
88350 1000
88359 1000
88374 1000
88389 1000
88390 1000
88425 1000
88450 1000
88489 1000
88490 1000
88550 1000
88579 1000
88589 1000
88590 1000
88650 1000
88689 1000
88690 1000
88750 1000
88760 1000
88789 1000
88790 1000
88850 1000
88889 1000
88890 1000
88950 1000
88989 1000
88990 1000
88996 1000
89018 1000
89020 1000
89050 1000
89085 1000
89089 1000
89090 1000
89150 1000
89189 1000
89190 1000
89221 1000
89250 1000
89289 1000
89290 1000
89350 1000
89387 1000
89389 1000
89390 1000
89391 1000
89408 1000
89450 1000
89462 1000
89489 1000
89490 1000
89550 1000
89589 1000
89590 1000
89612 1000
89614 1000
89650 1000
89689 1000
89690 1000
89750 1000
89789 1000
89790 1000
89803 1000
89839 1000
89846 1000
89850 1000
89889 1000
89890 1000
89950 1000
89964 1000
89989 1000
89990 1000
90050 1000
90076 1000
90089 1000
90090 1000
90141 1000
90145 1000
90150 1000
90181 1000
90189 1000
90190 1000
90250 1000
90289 1000
90290 1000
90338 1000
90350 1000
90389 1000
90390 1000
90450 1000
90461 1000
90489 1000
90490 1000
90550 1000
90589 1000
90590 1000
90650 1000
90689 1000
90690 1000
90708 1000
90725 1000
90742 1000
90750 1000
90789 1000
90790 1000
90824 1000
90833 1000
90850 1000
90889 1000
90890 1000
90907 1000
90918 1000
90931 1000
90950 1000
90956 1000
90977 1000
90989 1000
90990 1000
91044 1000
91050 1000
91070 1000
91089 1000
91090 1000
91105 1000
91150 1000
91154 1000
91189 1000
91190 1000
91205 1000
91207 1000
91241 1000
91250 1000
91257 1000
91289 1000
91290 1000
91327 1000
91343 1000
91350 1000
91362 1000
91375 1000
91389 1000
91390 1000
91450 1000
91467 1000
91477 1000
91489 1000
91490 1000
91497 1000
91550 1000
91565 1000
91589 1000
91590 1000
91595 1000
91650 1000
91684 1000
91689 1000
91690 1000
91732 1000
91750 1000
91789 1000
91790 1000
91827 1000
91850 1000
91879 1000
91889 1000
91890 1000
91934 1000
91950 1000
91989 1000
91990 1000
92050 1000
92086 1000
92089 1000
92090 1000
92150 1000
92189 1000
92190 1000
92217 1000
92243 1000
92250 1000
92289 1000
92290 1000
92319 1000
92341 1000
92350 1000
92389 1000
92390 1000
92450 1000
92457 1000
92481 1000
92489 1000
92490 1000
92550 1000
92589 1000
92590 1000
92618 1000
92627 1000
92650 1000
92689 1000
92690 1000
92739 1000
92750 1000
92789 1000
92790 1000
92827 1000
92850 1000
92888 1000
92889 1000
92890 1000
92950 1000
92989 1000
92990 1000
93002 1000
93016 1000
93050 1000
93089 1000
93090 1000
93113 1000
93123 1000
93150 1000
93189 1000
93190 1000
93220 1000
93240 1000
93250 1000
93289 1000
93290 1000
93320 1000
93328 1000
93338 1000
93350 1000
93389 1000
93390 1000
93439 1000
93446 1000
93450 1000
93470 1000
93489 1000
93490 1000
93550 1000
93562 1000
93589 1000
93590 1000
93650 1000
93659 1000
93677 1000
93689 1000
93690 1000
93704 1000
93750 1000
93781 1000
93789 1000
93790 1000
93850 1000
93878 1000
93889 1000
93890 1000
93950 1000
93950 1000
93989 1000
93990 1000
94038 1000
94050 1000
94089 1000
94090 1000
94135 1000
94148 1000
94150 1000
94173 1000
94189 1000
94190 1000
94193 1000
94213 1000
94230 1000
94250 1000
94286 1000
94289 1000
94290 1000
94298 1000
94320 1000
94350 1000
94389 1000
94390 1000
94450 1000
94474 1000
94489 1000
94490 1000
94494 1000
94529 1000
94550 1000
94575 1000
94586 1000
94589 1000
94590 1000
94631 1000
94642 1000
94650 1000
94654 1000
94689 1000
94690 1000
94700 1000
94750 1000
94753 1000
94789 1000
94790 1000
94823 1000
94836 1000
94847 1000
94850 1000
94865 1000
94889 1000
94890 1000
94950 1000
94965 1000
94989 1000
94990 1000
95050 1000
95052 1000
95089 1000
95090 1000
95104 1000
95128 1000
95150 1000
95155 1000
95189 1000
95190 1000
95248 1000
95250 1000
95274 1000
95289 1000
95290 1000
95341 1000
95350 1000
95389 1000
95390 1000
95450 1000
95468 1000
95489 1000
95490 1000
95550 1000
95589 1000
95590 1000
95603 1000
95632 1000
95650 1000
95689 1000
95690 1000
95700 1000
95714 1000
95750 1000
95789 1000
95790 1000
95850 1000
95865 1000
95889 1000
95889 1000
95890 1000
95904 1000
95950 1000
95957 1000
95989 1000
95990 1000
96050 1000
96089 1000
96090 1000
96150 1000
96189 1000
96190 1000
96250 1000
96285 1000
96289 1000
96290 1000
96322 1000
96350 1000
96389 1000
96390 1000
96391 1000
96414 1000
96450 1000
96489 1000
96490 1000
96492 1000
96526 1000
96550 1000
96579 1000
96589 1000
96590 1000
96650 1000
96689 1000
96690 1000
96750 1000
96789 1000
96790 1000
96794 1000
96820 1000
96850 1000
96889 1000
96890 1000
96922 1000
96935 1000
96950 1000
96963 1000
96967 1000
96989 1000
96990 1000
96999 1000
97050 1000
97054 1000
97089 1000
97090 1000
97118 1000
97150 1000
97173 1000
97177 1000
97189 1000
97190 1000
97218 1000
97247 1000
97250 1000
97275 1000
97289 1000
97290 1000
97350 1000
97389 1000
97390 1000
97450 1000
97476 1000
97489 1000
97490 1000
97550 1000
97589 1000
97590 1000
97590 1000
97650 1000
97654 1000
97689 1000
97690 1000
97750 1000
97759 1000
97776 1000
97789 1000
97790 1000
97850 1000
97856 1000
97889 1000
97890 1000
97905 1000
97908 1000
97950 1000
97987 1000
97989 1000
97990 1000
98007 1000
98045 1000
98050 1000
98055 1000
98062 1000
98069 1000
98089 1000
98090 1000
98092 1000
98150 1000
98151 1000
98162 1000
98189 1000
98190 1000
98237 1000
98250 1000
98259 1000
98289 1000
98290 1000
98295 1000
98304 1000
98350 1000
98389 1000
98390 1000
98396 1000
98401 1000
98430 1000
98450 1000
98463 1000
98472 1000
98489 1000
98490 1000
98527 1000
98550 1000
98589 1000
98590 1000
98604 1000
98639 1000
98650 1000
98689 1000
98690 1000
98723 1000
98725 1000
98744 1000
98750 1000
98789 1000
98790 1000
98799 1000
98807 1000
98850 1000
98889 1000
98890 1000
98950 1000
98951 1000
98989 1000
98990 1000
99050 1000
99089 1000
99090 1000
99133 1000
99150 1000
99183 1000
99187 1000
99189 1000
99190 1000
99234 1000
99250 1000
99251 1000
99289 1000
99290 1000
99297 1000
99350 1000
99389 1000
99390 1000
99408 1000
99445 1000
99450 1000
99489 1000
99490 1000
99550 1000
99564 1000
99573 1000
99589 1000
99589 1000
99590 1000
99621 1000
99650 1000
99665 1000
99674 1000
99689 1000
99690 1000
99715 1000
99724 1000
99750 1000
99789 1000
99790 1000
99850 1000
99889 1000
99890 1000
99893 1000
99914 1000
99943 1000
99950 1000
99953 1000
99989 1000
99990 1000
