00054 1000
00072 1000
00095 1000
00097 1000
00111 1000
00172 1000
00195 1000
00197 1000
00219 1000
00227 1000
00272 1000
00283 1000
00295 1000
00297 1000
00358 1000
00370 1000
00372 1000
00392 1000
00395 1000
00397 1000
00472 1000
00495 1000
00497 1000
00529 1000
00572 1000
00595 1000
00597 1000
00632 1000
00643 1000
00649 1000
00672 1000
00691 1000
00695 1000
00697 1000
00711 1000
00762 1000
00772 1000
00795 1000
00797 1000
00837 1000
00864 1000
00872 1000
00895 1000
00897 1000
00897 1000
00909 1000
00944 1000
00972 1000
00995 1000
00997 1000
01041 1000
01072 1000
01095 1000
01097 1000
01172 1000
01190 1000
01195 1000
01197 1000
01248 1000
01272 1000
01295 1000
01297 1000
01372 1000
01395 1000
01397 1000
01472 1000
01495 1000
01497 1000
01567 1000
01572 1000
01595 1000
01597 1000
01624 1000
01656 1000
01672 1000
01695 1000
01697 1000
01772 1000
01795 1000
01797 1000
01830 1000
01847 1000
01872 1000
01895 1000
01897 1000
01932 1000
01937 1000
01972 1000
01994 1000
01995 1000
01997 1000
02072 1000
02095 1000
02097 1000
02124 1000
02126 1000
02129 1000
02156 1000
02172 1000
02195 1000
02197 1000
02241 1000
02247 1000
02263 1000
02272 1000
02279 1000
02295 1000
02297 1000
02331 1000
02339 1000
02372 1000
02395 1000
02397 1000
02419 1000
02472 1000
02493 1000
02495 1000
02497 1000
02572 1000
02595 1000
02597 1000
02612 1000
02625 1000
02669 1000
02672 1000
02695 1000
02697 1000
02772 1000
02776 1000
02795 1000
02797 1000
02838 1000
02845 1000
02857 1000
02872 1000
02895 1000
02897 1000
02963 1000
02972 1000
02995 1000
02997 1000
03072 1000
03081 1000
03086 1000
03095 1000
03097 1000
03117 1000
03137 1000
03172 1000
03195 1000
03197 1000
03272 1000
03295 1000
03297 1000
03341 1000
03348 1000
03372 1000
03392 1000
03395 1000
03397 1000
03421 1000
03472 1000
03479 1000
03495 1000
03497 1000
03572 1000
03595 1000
03597 1000
03640 1000
03672 1000
03695 1000
03697 1000
03750 1000
03753 1000
03772 1000
03795 1000
03797 1000
03872 1000
03895 1000
03897 1000
03910 1000
03972 1000
03995 1000
03997 1000
04072 1000
04085 1000
04095 1000
04097 1000
04149 1000
04172 1000
04195 1000
04197 1000
04272 1000
04282 1000
04295 1000
04297 1000
04309 1000
04372 1000
04395 1000
04397 1000
04472 1000
04492 1000
04495 1000
04497 1000
04531 1000
04539 1000
04565 1000
04572 1000
04584 1000
04595 1000
04597 1000
04636 1000
04637 1000
04653 1000
04671 1000
04672 1000
04695 1000
04697 1000
04743 1000
04772 1000
04795 1000
04797 1000
04872 1000
04878 1000
04895 1000
04897 1000
04948 1000
04972 1000
04972 1000
04995 1000
04997 1000
05072 1000
05081 1000
05095 1000
05097 1000
05099 1000
05172 1000
05195 1000
05197 1000
05272 1000
05278 1000
05295 1000
05297 1000
05372 1000
05395 1000
05397 1000
05419 1000
05441 1000
05444 1000
05472 1000
05480 1000
05494 1000
05495 1000
05497 1000
05507 1000
05572 1000
05595 1000
05597 1000
05641 1000
05670 1000
05672 1000
05695 1000
05696 1000
05697 1000
05713 1000
05772 1000
05795 1000
05797 1000
05828 1000
05840 1000
05872 1000
05895 1000
05897 1000
05972 1000
05995 1000
05997 1000
06000 1000
06001 1000
06002 1000
06003 1000
06004 1000
06005 1000
06006 1000
06007 1000
06008 1000
06009 1000
06010 1000
06011 1000
06012 1000
06013 1000
06014 1000
06015 1000
06016 1000
06017 1000
06018 1000
06019 1000
06020 1000
06021 1000
06022 1000
06023 1000
06024 1000
06025 1000
06026 1000
06027 1000
06028 1000
06029 1000
06030 1000
06031 1000
06032 1000
06033 1000
06034 1000
06035 1000
06036 1000
06037 1000
06038 1000
06039 1000
06040 1000
06041 1000
06042 1000
06043 1000
06044 1000
06045 1000
06046 1000
06047 1000
06048 1000
06049 1000
06050 1000
06051 1000
06052 1000
06053 1000
06054 1000
06055 1000
06056 1000
06057 1000
06058 1000
06059 1000
06060 1000
06061 1000
06062 1000
06063 1000
06064 1000
06065 1000
06066 1000
06067 1000
06068 1000
06069 1000
06070 1000
06071 1000
06072 1000
06072 1000
06073 1000
06074 1000
06075 1000
06076 1000
06077 1000
06078 1000
06079 1000
06080 1000
06081 1000
06082 1000
06083 1000
06084 1000
06085 1000
06086 1000
06087 1000
06088 1000
06089 1000
06090 1000
06091 1000
06092 1000
06093 1000
06094 1000
06094 1250
06095 1.250.000EUROS
06096 2500
06096 1000
06097 1000
06097 1000
06098 1000
06099 1000
06105 1000
06172 1000
06190 1000
06195 1000
06197 1000
06272 1000
06290 1000
06295 1000
06297 1000
06372 1000
06372 1000
06383 1000
06395 1000
06397 1000
06408 1000
06432 1000
06472 1000
06495 1000
06497 1000
06572 1000
06586 1000
06595 1000
06597 1000
06610 1000
06672 1000
06682 1000
06695 1000
06697 1000
06713 1000
06738 1000
06756 1000
06772 1000
06795 1000
06797 1000
06806 1000
06829 1000
06872 1000
06886 1000
06895 1000
06897 1000
06913 1000
06921 1000
06951 1000
06965 1000
06972 1000
06985 1000
06995 1000
06997 1000
07059 1000
07072 1000
07095 1000
07097 1000
07106 1000
07120 1000
07141 1000
07143 1000
07172 1000
07195 1000
07197 1000
07231 1000
07265 1000
07272 1000
07295 1000
07296 1000
07297 1000
07372 1000
07395 1000
07397 1000
07403 1000
07434 1000
07472 1000
07473 1000
07486 1000
07495 1000
07497 1000
07572 1000
07575 1000
07576 1000
07593 1000
07595 1000
07597 1000
07663 1000
07672 1000
07679 1000
07695 1000
07697 1000
07713 1000
07735 1000
07758 1000
07772 1000
07795 1000
07797 1000
07872 1000
07895 1000
07897 1000
07972 1000
07982 1000
07995 1000
07997 1000
08021 1000
08072 1000
08095 1000
08097 1000
08140 1000
08144 1000
08160 1000
08172 1000
08195 1000
08197 1000
08206 1000
08254 1000
08272 1000
08295 1000
08297 1000
08335 1000
08362 1000
08372 1000
08395 1000
08397 1000
08398 1000
08410 1000
08422 1000
08442 1000
08468 1000
08472 1000
08495 1000
08497 1000
08501 1000
08504 1000
08548 1000
08572 1000
08584 1000
08595 1000
08597 1000
08672 1000
08695 1000
08697 1000
08752 1000
08772 1000
08795 1000
08797 1000
08851 1000
08866 1000
08872 1000
08895 1000
08895 1000
08897 1000
08908 1000
08948 1000
08972 1000
08972 1000
08995 1000
08997 1000
09065 1000
09072 1000
09095 1000
09097 1000
09172 1000
09178 1000
09195 1000
09197 1000
09229 1000
09234 1000
09272 1000
09286 1000
09295 1000
09297 1000
09350 1000
09372 1000
09395 1000
09397 1000
09472 1000
09495 1000
09497 1000
09566 1000
09572 1000
09575 1000
09595 1000
09597 1000
09628 1000
09672 1000
09694 1000
09695 1000
09697 1000
09749 1000
09772 1000
09778 1000
09795 1000
09797 1000
09802 1000
09813 1000
09872 1000
09889 1000
09895 1000
09897 1000
09972 1000
09995 1000
09997 1000
10020 1000
10072 1000
10095 1000
10097 1000
10104 1000
10172 1000
10195 1000
10197 1000
10271 1000
10272 1000
10290 1000
10295 1000
10297 1000
10372 1000
10395 1000
10397 1000
10410 1000
10438 1000
10461 1000
10472 1000
10488 1000
10495 1000
10497 1000
10553 1000
10572 1000
10581 1000
10595 1000
10597 1000
10616 1000
10623 1000
10638 1000
10672 1000
10688 1000
10695 1000
10697 1000
10736 1000
10772 1000
10795 1000
10797 1000
10865 1000
10866 1000
10872 1000
10895 1000
10897 1000
10909 1000
10969 1000
10972 1000
10995 1000
10997 1000
11005 1000
11022 1000
11038 1000
11072 1000
11095 1000
11097 1000
11151 1000
11163 1000
11172 1000
11195 1000
11197 1000
11203 1000
11272 1000
11290 1000
11295 1000
11297 1000
11312 1000
11323 1000
11341 1000
11372 1000
11372 1000
11381 1000
11395 1000
11397 1000
11472 1000
11495 1000
11497 1000
11572 1000
11573 1000
11594 1000
11595 1000
11597 1000
11611 1000
11641 1000
11672 1000
11695 1000
11697 1000
11742 1000
11772 1000
11795 1000
11797 1000
11800 1000
11843 1000
11871 1000
11872 1000
11888 1000
11895 1000
11897 1000
11902 1000
11905 1000
11972 1000
11995 1000
11997 1000
12061 1000
12072 1000
12075 1000
12095 1000
12097 1000
12097 1000
12131 1000
12172 1000
12195 1000
12195 1000
12197 1000
12211 1000
12248 1000
12272 1000
12280 1000
12295 1000
12297 1000
12343 1000
12372 1000
12387 1000
12395 1000
12397 1000
12472 1000
12495 1000
12497 1000
12519 1000
12572 1000
12595 1000
12597 1000
12672 1000
12695 1000
12697 1000
12772 1000
12795 1000
12797 1000
12872 1000
12895 1000
12897 1000
12972 1000
12995 1000
12997 1000
13072 1000
13084 1000
13095 1000
13097 1000
13149 1000
13172 1000
13195 1000
13197 1000
13240 1000
13272 1000
13295 1000
13297 1000
13372 1000
13395 1000
13397 1000
13419 1000
13438 1000
13472 1000
13495 1000
13497 1000
13499 1000
13572 1000
13595 1000
13597 1000
13618 1000
13641 1000
13646 1000
13672 1000
13695 1000
13697 1000
13745 1000
13772 1000
13795 1000
13797 1000
13803 1000
13842 1000
13872 1000
13895 1000
13897 1000
13922 1000
13944 1000
13948 1000
13972 1000
13980 1000
13981 1000
13995 1000
13997 1000
14007 1000
14072 1000
14095 1000
14097 1000
14172 1000
14172 1000
14195 1000
14197 1000
14208 1000
14266 1000
14272 1000
14295 1000
14297 1000
14308 1000
14328 1000
14339 1000
14363 1000
14372 1000
14395 1000
14397 1000
14424 1000
14425 1000
14472 1000
14479 1000
14495 1000
14497 1000
14509 1000
14560 1000
14572 1000
14595 1000
14597 1000
14614 1000
14634 1000
14672 1000
14695 1000
14697 1000
14717 1000
14750 1000
14772 1000
14793 1000
14795 1000
14797 1000
14872 1000
14895 1000
14897 1000
14942 1000
14946 1000
14972 1000
14988 1000
14994 1000
14995 1000
14997 1000
15072 1000
15078 1000
15095 1000
15097 1000
15127 1000
15155 1000
15162 1000
15169 1000
15172 1000
15185 1000
15195 1000
15197 1000
15229 1000
15243 1000
15272 1000
15280 1000
15295 1000
15297 1000
15311 1000
15324 1000
15335 1000
15349 1000
15372 1000
15395 1000
15397 1000
15431 1000
15453 1000
15464 1000
15466 1000
15472 1000
15495 1000
15497 1000
15520 1000
15572 1000
15595 1000
15597 1000
15610 1000
15637 1000
15639 1000
15672 1000
15695 1000
15697 1000
15772 1000
15795 1000
15797 1000
15872 1000
15895 1000
15897 1000
15954 1000
15972 1000
15995 1000
15997 1000
16058 1000
16072 1000
16095 1000
16097 1000
16121 1000
16172 1000
16172 1000
16195 1000
16197 1000
16202 1000
16272 1000
16285 1000
16295 1000
16297 1000
16372 1000
16395 1000
16397 1000
16405 1000
16413 1000
16465 1000
16472 1000
16489 1000
16495 1000
16497 1000
16572 1000
16595 1000
16597 1000
16672 1000
16695 1000
16697 1000
16772 1000
16795 1000
16797 1000
16798 1000
16832 1000
16872 1000
16895 1000
16897 1000
16916 1000
16972 1000
16991 1000
16995 1000
16997 1000
17007 1000
17072 1000
17095 1000
17097 1000
17172 1000
17195 1000
17197 1000
17272 1000
17279 1000
17295 1000
17297 1000
17334 1000
17372 1000
17383 1000
17395 1000
17397 1000
17398 1000
17411 1000
17472 1000
17495 1000
17497 1000
17559 1000
17572 1000
17584 1000
17595 1000
17597 1000
17600 1000
17620 1000
17672 1000
17689 1000
17695 1000
17697 1000
17710 1000
17737 1000
17738 1000
17772 1000
17788 1000
17795 1000
17797 1000
17834 1000
17872 1000
17895 1000
17897 1000
17927 1000
17972 1000
17995 1000
17997 1000
18030 1000
18072 1000
18095 1000
18097 1000
18107 1000
18109 1000
18130 1000
18133 1000
18172 1000
18195 1000
18197 1000
18272 1000
18295 1000
18297 1000
18372 1000
18395 1000
18397 1000
18443 1000
18472 1000
18474 1000
18495 1000
18497 1000
18507 1000
18570 1000
18572 1000
18595 1000
18597 1000
18672 1000
18695 1000
18697 1000
18757 1000
18772 1000
18795 1000
18797 1000
18820 1000
18842 1000
18872 1000
18895 1000
18897 1000
18942 1000
18958 1000
18966 1000
18972 1000
18993 1000
18995 1000
18997 1000
19062 1000
19072 1000
19093 1000
19095 1000
19097 1000
19151 1000
19172 1000
19195 1000
19197 1000
19213 1000
19228 1000
19235 1000
19272 1000
19294 1000
19295 1000
19297 1000
19333 1000
19370 1000
19393 1000
19395 1000
19397 1000
19400 1000
19412 1000
19427 1000
19431 1000
19472 1000
19495 1000
19497 1000
19537 1000
19567 1000
19572 1000
19595 1000
19596 1000
19597 1000
19621 1000
19672 1000
19695 1000
19697 1000
19771 1000
19772 1000
19795 1000
19797 1000
19799 1000
19815 1000
19872 1000
19895 1000
19897 1000
19972 1000
19990 1000
19995 1000
19997 1000
20055 1000
20072 1000
20085 1000
20095 1000
20097 1000
20158 1000
20172 1000
20195 1000
20197 1000
20249 1000
20272 1000
20295 1000
20297 1000
20355 1000
20372 1000
20395 1000
20397 1000
20465 1000
20472 1000
20486 1000
20495 1000
20497 1000
20554 1000
20572 1000
20595 1000
20597 1000
20617 1000
20620 1000
20672 1000
20695 1000
20695 1000
20697 1000
20772 1000
20795 1000
20797 1000
20809 1000
20821 1000
20823 1000
20869 1000
20872 1000
20880 1000
20893 1000
20895 1000
20897 1000
20972 1000
20995 1000
20997 1000
21072 1000
21095 1000
21097 1000
21172 1000
21195 1000
21197 1000
21266 1000
21272 1000
21295 1000
21296 1000
21297 1000
21345 1000
21372 1000
21395 1000
21397 1000
21398 1000
21472 1000
21495 1000
21497 1000
21544 1000
21546 1000
21572 1000
21595 1000
21597 1000
21672 1000
21690 1000
21695 1000
21697 1000
21700 1000
21735 1000
21746 1000
21750 1000
21772 1000
21795 1000
21797 1000
21803 1000
21872 1000
21895 1000
21897 1000
21908 1000
21972 1000
21995 1000
21997 1000
22072 1000
22085 1000
22095 1000
22097 1000
22172 1000
22195 1000
22197 1000
22246 1000
22272 1000
22295 1000
22297 1000
22372 1000
22387 1000
22395 1000
22397 1000
22472 1000
22495 1000
22497 1000
22533 1000
22535 1000
22567 1000
22572 1000
22595 1000
22597 1000
22641 1000
22647 1000
22672 1000
22695 1000
22697 1000
22772 1000
22781 1000
22795 1000
22797 1000
22841 1000
22849 1000
22872 1000
22895 1000
22897 1000
22921 1000
22942 1000
22951 1000
22972 1000
22995 1000
22997 1000
23066 1000
23072 1000
23087 1000
23095 1000
23097 1000
23099 1000
23139 1000
23147 1000
23150 1000
23172 1000
23195 1000
23197 1000
23272 1000
23278 1000
23295 1000
23297 1000
23372 1000
23382 1000
23395 1000
23397 1000
23446 1000
23472 1000
23495 1000
23497 1000
23572 1000
23595 1000
23597 1000
23604 1000
23672 1000
23672 1000
23695 1000
23697 1000
23749 1000
23772 1000
23795 1000
23797 1000
23872 1000
23884 1000
23895 1000
23897 1000
23936 1000
23971 1000
23972 1000
23995 1000
23997 1000
24072 1000
24095 1000
24097 1000
24172 1000
24195 1000
24197 1000
24218 1000
24272 1000
24295 1000
24297 1000
24372 1000
24395 1000
24397 1000
24404 1000
24433 1000
24449 1000
24470 1000
24472 1000
24489 1000
24495 1000
24497 1000
24556 1000
24572 1000
24595 1000
24597 1000
24672 1000
24695 1000
24697 1000
24772 1000
24791 1000
24795 1000
24797 1000
24798 1000
24815 1000
24826 1000
24857 1000
24869 1000
24872 1000
24895 1000
24897 1000
24901 1000
24934 1000
24952 1000
24953 1000
24962 1000
24972 1000
24995 1000
24997 1000
25046 1000
25072 1000
25087 1000
25095 1000
25097 1000
25140 1000
25172 1000
25177 1000
25186 1000
25189 1000
25195 1000
25197 1000
25197 1000
25272 1000
25295 1000
25297 1000
25362 1000
25372 1000
25395 1000
25397 1000
25399 1000
25444 1000
25472 1000
25495 1000
25497 1000
25513 1000
25525 1000
25535 1000
25550 1000
25570 1000
25572 1000
25587 1000
25595 1000
25597 1000
25665 1000
25672 1000
25695 1000
25697 1000
25716 1000
25756 1000
25757 1000
25769 1000
25772 1000
25795 1000
25797 1000
25805 1000
25872 1000
25873 1000
25895 1000
25897 1000
25972 1000
25995 1000
25997 1000
26009 1000
26039 1000
26045 1000
26072 1000
26095 1000
26097 1000
26171 1000
26172 1000
26182 1000
26195 1000
26197 1000
26204 1000
26213 1000
26240 1000
26252 1000
26272 1000
26278 1000
26295 1000
26297 1000
26325 1000
26372 1000
26375 1000
26395 1000
26397 1000
26472 1000
26483 1000
26495 1000
26497 1000
26572 1000
26595 1000
26597 1000
26599 1000
26663 1000
26672 1000
26695 1000
26697 1000
26772 1000
26779 1000
26795 1000
26797 1000
26818 1000
26847 1000
26872 1000
26895 1000
26897 1000
26910 1000
26934 1000
26939 1000
26960 1000
26972 1000
26995 1000
26997 1000
27002 1000
27072 1000
27094 1000
27095 1000
27097 1000
27109 1000
27140 1000
27172 1000
27193 1000
27195 1000
27197 1000
27272 1000
27295 1000
27297 1000
27325 1000
27372 1000
27395 1000
27397 1000
27472 1000
27480 1000
27495 1000
27497 1000
27555 1000
27572 1000
27576 1000
27595 1000
27597 1000
27618 1000
27643 1000
27672 1000
27686 1000
27695 1000
27697 1000
27743 1000
27772 1000
27795 1000
27797 1000
27872 1000
27884 1000
27895 1000
27897 1000
27898 1000
27972 1000
27982 1000
27995 1000
27997 1000
28034 1000
28048 1000
28072 1000
28095 1000
28097 1000
28113 1000
28119 1000
28141 1000
28172 1000
28175 1000
28195 1000
28197 1000
28218 1000
28253 1000
28267 1000
28272 1000
28295 1000
28297 1000
28304 1000
28372 1000
28395 1000
28397 1000
28472 1000
28495 1000
28497 1000
28502 1000
28506 1000
28534 1000
28572 1000
28595 1000
28597 1000
28672 1000
28697 1000
28742 1000
28772 1000
28795 1000
28797 1000
28826 1000
28872 1000
28895 1000
28897 1000
28898 1000
28972 1000
28986 1000
28995 1000
28997 1000
29030 1000
29072 1000
29095 1000
29097 1000
29172 1000
29195 1000
29197 1000
29270 1000
29272 1000
29295 1000
29297 1000
29372 1000
29395 1000
29397 1000
29411 1000
29472 1000
29495 1000
29497 1000
29556 1000
29572 1000
29589 1000
29590 1000
29595 1000
29597 1000
29617 1000
29672 1000
29695 1000
29697 1000
29717 1000
29772 1000
29795 1000
29797 1000
29802 1000
29872 1000
29895 1000
29897 1000
29933 1000
29939 1000
29972 1000
29995 1000
29997 1000
30021 1000
30072 1000
30095 1000
30097 1000
30130 1000
30160 1000
30172 1000
30179 1000
30195 1000
30197 1000
30271 1000
30272 1000
30295 1000
30297 1000
30330 1000
30372 1000
30395 1000
30397 1000
30415 1000
30472 1000
30495 1000
30497 1000
30572 1000
30573 1000
30576 1000
30595 1000
30597 1000
30672 1000
30674 1000
30695 1000
30697 1000
30745 1000
30772 1000
30795 1000
30797 1000
30848 1000
30872 1000
30876 1000
30893 1000
30895 1000
30897 1000
30900 1000
30908 1000
30972 1000
30984 1000
30995 1000
30997 1000
31072 1000
31095 1000
31097 1000
31116 1000
31172 1000
31195 1000
31197 1000
31200 1000
31272 1000
31295 1000
31297 1000
31305 1000
31332 1000
31372 1000
31395 1000
31397 1000
31472 1000
31480 1000
31495 1000
31497 1000
31519 1000
31572 1000
31595 1000
31597 1000
31615 1000
31677 1000
31695 1000
31697 1000
31737 1000
31746 1000
31765 1000
31772 1000
31791 1000
31795 1000
31797 1000
31818 1000
31872 1000
31884 1000
31895 1000
31897 1000
31962 1000
31972 1000
31995 1000
31997 1000
32067 1000
32072 1000
32090 1000
32095 1000
32097 1000
32118 1000
32172 1000
32195 1000
32197 1000
32201 1000
32272 1000
32295 1000
32297 1000
32311 1000
32362 1000
32367 1000
32372 1000
32395 1000
32397 1000
32407 1000
32428 1000
32459 1000
32472 1000
32495 1000
32497 1000
32572 1000
32574 1000
32595 1000
32597 1000
32672 1000
32695 1000
32697 1000
32697 1000
32708 1000
32737 1000
32772 1000
32795 1000
32797 1000
32872 1000
32895 1000
32897 1000
32926 1000
32972 1000
32995 1000
32997 1000
32997 1000
33018 1000
33061 1000
33072 1000
33095 1000
33097 1000
33172 1000
33184 1000
33195 1000
33197 1000
33201 1000
33238 1000
33251 1000
33272 1000
33295 1000
33297 1000
33370 1000
33372 1000
33395 1000
33397 1000
33472 1000
33485 1000
33495 1000
33497 1000
33572 1000
33595 1000
33597 1000
33672 1000
33695 1000
33697 1000
33701 1000
33765 1000
33772 1000
33795 1000
33797 1000
33801 1000
33872 1000
33895 1000
33895 1000
33897 1000
33949 1000
33972 1000
33980 1000
33995 1000
33997 1000
34012 1000
34031 1000
34047 1000
34069 1000
34071 1000
34072 1000
34095 1000
34097 1000
34111 1000
34122 1000
34156 1000
34172 1000
34194 1000
34195 1000
34197 1000
34207 1000
34215 1000
34272 1000
34295 1000
34297 1000
34357 1000
34372 1000
34384 1000
34395 1000
34397 1000
34417 1000
34465 1000
34472 1000
34495 1000
34497 1000
34572 1000
34595 1000
34596 1000
34597 1000
34672 1000
34695 1000
34697 1000
34700 1000
34732 1000
34772 1000
34795 1000
34797 1000
34826 1000
34872 1000
34895 1000
34897 1000
34937 1000
34942 1000
34972 1000
34995 1000
34997 1000
35043 1000
35072 1000
35079 1000
35093 1000
35095 1000
35097 1000
35102 1000
35172 1000
35195 1000
35197 1000
35272 1000
35295 1000
35297 1000
35323 1000
35328 1000
35337 1000
35340 1000
35357 1000
35360 1000
35372 1000
35385 1000
35395 1000
35397 1000
35406 1000
35419 1000
35470 1000
35472 1000
35495 1000
35497 1000
35572 1000
35595 1000
35597 1000
35672 1000
35695 1000
35697 1000
35727 1000
35772 1000
35795 1000
35797 1000
35836 1000
35852 1000
35870 1000
35872 1000
35895 1000
35897 1000
35929 1000
35970 1000
35972 1000
35995 1000
35997 1000
36072 1000
36082 1000
36095 1000
36097 1000
36170 1000
36172 1000
36175 1000
36195 1000
36197 1000
36209 1000
36220 1000
36253 1000
36254 1000
36263 1000
36272 1000
36275 1000
36278 1000
36295 1000
36297 1000
36315 1000
36372 1000
36395 1000
36397 1000
36398 1000
36402 1000
36471 1000
36472 1000
36472 1000
36495 1000
36497 1000
36572 1000
36595 1000
36597 1000
36601 1000
36663 1000
36672 1000
36682 1000
36695 1000
36697 1000
36717 1000
36735 1000
36772 1000
36781 1000
36795 1000
36797 1000
36800 1000
36832 1000
36861 1000
36872 1000
36895 1000
36897 1000
36972 1000
36995 1000
36997 1000
37020 1000
37095 1000
37097 1000
37172 1000
37195 1000
37197 1000
37240 1000
37272 1000
37295 1000
37297 1000
37351 1000
37357 1000
37366 1000
37372 1000
37395 1000
37397 1000
37426 1000
37472 1000
37495 1000
37497 1000
37523 1000
37566 1000
37572 1000
37595 1000
37597 1000
37658 1000
37668 1000
37672 1000
37690 1000
37695 1000
37697 1000
37697 1000
37761 1000
37772 1000
37795 1000
37797 1000
37806 1000
37817 1000
37827 1000
37851 1000
37871 1000
37872 1000
37895 1000
37897 1000
37942 1000
37963 1000
37972 1000
37995 1000
37997 1000
38001 1000
38031 1000
38072 1000
38095 1000
38097 1000
38172 1000
38174 1000
38190 1000
38195 1000
38197 1000
38246 1000
38272 1000
38295 1000
38297 1000
38300 1000
38301 1000
38302 1000
38303 1000
38304 1000
38305 1000
38306 1000
38307 1000
38308 1000
38309 1000
38310 1000
38311 1000
38312 1000
38313 1000
38314 1000
38315 1000
38316 1000
38317 1000
38318 1000
38319 1000
38320 1000
38321 1000
38322 1000
38323 1000
38324 1000
38325 1000
38326 1000
38327 1000
38328 1000
38329 1000
38330 1000
38331 1000
38332 1000
38333 1000
38334 1000
38335 1000
38336 1000
38337 1000
38338 1000
38339 1000
38340 1000
38343 1000
38344 1000
38345 1000
38346 1000
38347 1000
38348 1000
38349 1000
38350 1000
38351 1000
38352 1000
38353 1000
38354 1000
38355 1000
38356 1000
38357 1000
38358 1000
38359 1000
38360 1000
38361 1000
38362 1000
38363 1000
38364 1000
38365 1000
38366 1000
38367 1000
38368 1000
38369 1000
38370 1000
38371 1000
38372 1000
38372 1000
38373 1000
38374 1000
38375 1000
38376 1000
38377 1000
38378 1000
38379 1000
38380 1000
38381 1000
38382 1000
38383 1000
38384 1000
38385 1000
38386 1000
38387 1000
38388 1000
38389 1000
38390 1000
38391 1000
38392 1000
38393 1000
38394 1000
38395 1000
38395 1000
38396 1000
38397 1000
38397 1000
38398 1000
38399 1000
38472 1000
38495 1000
38495 1000
38497 1000
38572 1000
38595 1000
38597 1000
38672 1000
38695 1000
38697 1000
38772 1000
38795 1000
38797 1000
38807 1000
38847 1000
38872 1000
38895 1000
38895 1000
38897 1000
38972 1000
38979 1000
38995 1000
38997 1000
39068 1000
39072 1000
39081 1000
39095 1000
39097 1000
39105 1000
39163 1000
39172 1000
39192 1000
39195 1000
39197 1000
39272 1000
39279 1000
39295 1000
39297 1000
39330 1000
39331 1000
39341 1000
39372 1000
39395 1000
39397 1000
39402 1000
39468 1000
39472 1000
39483 1000
39495 1000
39497 1000
39514 1000
39547 1000
39552 1000
39572 1000
39595 1000
39597 1000
39623 1000
39643 1000
39672 1000
39695 1000
39697 1000
39729 1000
39745 1000
39748 1000
39758 1000
39772 1000
39795 1000
39797 1000
39817 1000
39819 1000
39832 1000
39858 1000
39863 1000
39872 1000
39895 1000
39896 1000
39897 1000
39923 1000
39925 1000
39972 1000
39977 1000
39995 1000
39997 1000
40043 1000
40072 1000
40088 1000
40095 1000
40097 1000
40142 1000
40172 1000
40195 1000
40197 1000
40272 1000
40282 1000
40287 1000
40295 1000
40297 1000
40372 1000
40395 1000
40397 1000
40472 1000
40495 1000
40497 1000
40508 1000
40572 1000
40595 1000
40597 1000
40672 1000
40695 1000
40697 1000
40729 1000
40738 1000
40772 1000
40795 1000
40797 1000
40872 1000
40894 1000
40895 1000
40897 1000
40898 1000
40917 1000
40949 1000
40960 1000
40972 1000
40986 1000
40995 1000
40997 1000
41072 1000
41095 1000
41097 1000
41149 1000
41172 1000
41177 1000
41195 1000
41197 1000
41272 1000
41278 1000
41295 1000
41297 1000
41372 1000
41385 1000
41395 1000
41397 1000
41420 1000
41472 1000
41493 1000
41495 1000
41497 1000
41531 1000
41555 1000
41572 1000
41595 1000
41597 1000
41602 1000
41606 1000
41631 1000
41672 1000
41695 1000
41697 1000
41711 1000
41725 1000
41772 1000
41795 1000
41797 1000
41805 1000
41806 1000
41872 1000
41895 1000
41897 1000
41904 1000
41972 1000
41984 1000
41989 1000
41995 1000
41997 1000
42018 1000
42025 1000
42057 1000
42072 1000
42089 1000
42095 1000
42097 1000
42172 1000
42173 1000
42190 1000
42195 1000
42197 1000
42272 1000
42295 1000
42297 1000
42372 1000
42395 1000
42397 1000
42472 1000
42485 1000
42495 1000
42497 1000
42572 1000
42595 1000
42597 1000
42665 1000
42672 1000
42695 1000
42697 1000
42772 1000
42779 1000
42795 1000
42797 1000
42872 1000
42895 1000
42897 1000
42964 1000
42966 1000
42972 1000
42995 1000
42997 1000
43052 1000
43063 1000
43072 1000
43093 1000
43095 1000
43097 1000
43172 1000
43195 1000
43195 1000
43197 1000
43258 1000
43272 1000
43295 1000
43297 1000
43350 1000
43372 1000
43395 1000
43397 1000
43444 1000
43447 1000
43472 1000
43495 1000
43497 1000
43544 1000
43563 1000
43572 1000
43582 1000
43595 1000
43597 1000
43614 1000
43620 1000
43672 1000
43677 1000
43686 1000
43695 1000
43697 1000
43772 1000
43795 1000
43797 1000
43892 1000
43895 1000
43897 1000
43948 1000
43972 1000
43995 1000
43997 1000
44018 1000
44072 1000
44095 1000
44097 1000
44115 1000
44152 1000
44172 1000
44195 1000
44197 1000
44272 1000
44290 1000
44295 1000
44297 1000
44372 1000
44384 1000
44393 1000
44395 1000
44397 1000
44403 1000
44406 1000
44426 1000
44472 1000
44473 1000
44478 1000
44491 1000
44495 1000
44497 1000
44504 1000
44572 1000
44578 1000
44595 1000
44597 1000
44620 1000
44670 1000
44672 1000
44695 1000
44697 1000
44728 1000
44772 1000
44795 1000
44797 1000
44841 1000
44849 1000
44854 1000
44871 1000
44872 1000
44895 1000
44897 1000
44940 1000
44957 1000
44972 1000
44977 1000
44992 1000
44995 1000
44997 1000
45072 1000
45095 1000
45097 1000
45111 1000
45147 1000
45172 1000
45194 1000
45195 1000
45197 1000
45272 1000
45295 1000
45297 1000
45372 1000
45387 1000
45395 1000
45397 1000
45412 1000
45438 1000
45464 1000
45472 1000
45484 1000
45495 1000
45497 1000
45572 1000
45595 1000
45597 1000
45672 1000
45695 1000
45697 1000
45722 1000
45772 1000
45795 1000
45797 1000
45816 1000
45872 1000
45883 1000
45895 1000
45897 1000
45948 1000
45955 1000
45972 1000
45995 1000
45997 1000
46011 1000
46072 1000
46093 1000
46095 1000
46097 1000
46119 1000
46141 1000
46158 1000
46172 1000
46195 1000
46197 1000
46207 1000
46272 1000
46295 1000
46297 1000
46307 1000
46372 1000
46372 1000
46395 1000
46397 1000
46411 1000
46442 1000
46451 1000
46472 1000
46495 1000
46497 1000
46572 1000
46595 1000
46597 1000
46672 1000
46695 1000
46697 1000
46759 1000
46761 1000
46772 1000
46776 1000
46795 1000
46795 1000
46797 1000
46805 1000
46827 1000
46849 1000
46872 1000
46876 1000
46895 1000
46897 1000
46897 1000
46907 1000
46972 1000
46995 1000
46997 1000
47072 1000
47095 1000
47097 1000
47136 1000
47172 1000
47195 1000
47197 1000
47272 1000
47277 1000
47285 1000
47295 1000
47297 1000
47372 1000
47395 1000
47397 1000
47439 1000
47472 1000
47495 1000
47497 1000
47533 1000
47572 1000
47595 1000
47597 1000
47672 1000
47695 1000
47697 1000
47772 1000
47783 1000
47795 1000
47797 1000
47804 1000
47808 1000
47872 1000
47895 1000
47897 1000
47914 1000
47972 1000
47995 1000
47997 1000
48002 1000
48051 1000
48068 1000
48072 1000
48095 1000
48097 1000
48170 1000
48172 1000
48195 1000
48197 1000
48205 1000
48253 1000
48272 1000
48276 1000
48295 1000
48297 1000
48333 1000
48365 1000
48372 1000
48395 1000
48397 1000
48472 1000
48495 1000
48497 1000
48530 1000
48533 1000
48564 1000
48572 1000
48595 1000
48597 1000
48621 1000
48639 1000
48672 1000
48684 1000
48687 1000
48688 1000
48695 1000
48697 1000
48772 1000
48795 1000
48797 1000
48799 1000
48863 1000
48872 1000
48895 1000
48897 1000
48972 1000
48995 1000
48997 1000
49072 1000
49089 1000
49095 1000
49097 1000
49117 1000
49119 1000
49172 1000
49195 1000
49197 1000
49198 1000
49199 1000
49217 1000
49218 1000
49233 1000
49242 1000
49272 1000
49295 1000
49297 1000
49321 1000
49335 1000
49372 1000
49395 1000
49397 1000
49402 1000
49472 1000
49483 1000
49495 1000
49497 1000
49559 1000
49572 1000
49595 1000
49597 1000
49642 1000
49643 1000
49672 1000
49683 1000
49695 1000
49697 1000
49753 1000
49772 1000
49795 1000
49797 1000
49872 1000
49895 1000
49897 1000
49899 1000
49972 1000
49987 1000
49995 1000
49997 1000
50010 1000
50065 1000
50072 1000
50095 1000
50097 1000
50134 1000
50135 1000
50147 1000
50172 1000
50177 1000
50195 1000
50197 1000
50218 1000
50246 1000
50265 1000
50272 1000
50295 1000
50297 1000
50313 1000
50353 1000
50368 1000
50372 1000
50395 1000
50396 1000
50397 1000
50472 1000
50487 1000
50495 1000
50497 1000
50558 1000
50572 1000
50595 1000
50597 1000
50636 1000
50639 1000
50672 1000
50675 1000
50695 1000
50697 1000
50772 1000
50795 1000
50797 1000
50839 1000
50850 1000
50872 1000
50894 1000
50895 1000
50897 1000
50972 1000
50977 1000
50995 1000
50997 1000
51033 1000
51072 1000
51075 1000
51095 1000
51097 1000
51129 1000
51158 1000
51172 1000
51195 1000
51197 1000
51207 1000
51272 1000
51295 1000
51297 1000
51307 1000
51313 1000
51356 1000
51372 1000
51395 1000
51397 1000
51403 1000
51446 1000
51472 1000
51484 1000
51495 1000
51497 1000
51505 1000
51557 1000
51572 1000
51595 1000
51597 1000
51672 1000
51672 1000
51695 1000
51697 1000
51759 1000
51768 1000
51772 1000
51795 1000
51797 1000
51832 1000
51840 1000
51863 1000
51872 1000
51895 1000
51897 1000
51972 1000
51978 1000
51981 1000
51995 1000
51997 1000
52015 1000
52026 1000
52070 1000
52072 1000
52095 1000
52097 1000
52131 1000
52134 1000
52172 1000
52195 1000
52197 1000
52212 1000
52245 1000
52272 1000
52295 1000
52297 1000
52341 1000
52346 1000
52366 1000
52372 1000
52389 1000
52395 1000
52397 1000
52400 1000
52401 1000
52402 1000
52403 1000
52404 1000
52405 1000
52405 1000
52406 1000
52407 1000
52407 1000
52408 1000
52408 1000
52409 1000
52410 1000
52411 1000
52412 1000
52412 1000
52413 1000
52414 1000
52415 1000
52416 1000
52417 1000
52418 1000
52419 1000
52420 1000
52421 1000
52422 1000
52423 1000
52424 1000
52425 1000
52426 1000
52427 1000
52428 1000
52429 1000
52430 1000
52431 1000
52432 1000
52433 1000
52434 1000
52435 1000
52436 1000
52437 1000
52438 1000
52439 1000
52440 1000
52441 1000
52442 1000
52443 1000
52444 1000
52445 1000
52446 1000
52447 1000
52448 1000
52449 1000
52450 1000
52451 1000
52452 1000
52453 1000
52454 1000
52455 1000
52456 1000
52457 1000
52458 1000
52459 1000
52460 1000
52461 1000
52462 1000
52463 1000
52464 1000
52465 1000
52466 1000
52467 1000
52468 1000
52469 1000
52470 1000
52471 1000
52471 9600
52472 500.000EUROS
52473 9600
52473 1000
52474 1000
52475 1000
52476 1000
52477 1000
52478 1000
52479 1000
52480 1000
52481 1000
52482 1000
52483 1000
52484 1000
52485 1000
52486 1000
52487 1000
52488 1000
52489 1000
52490 1000
52491 1000
52492 1000
52493 1000
52494 1000
52495 1000
52495 1000
52496 1000
52497 1000
52497 1000
52498 1000
52499 1000
52518 1000
52567 1000
52569 1000
52572 1000
52595 1000
52597 1000
52664 1000
52672 1000
52681 1000
52693 1000
52695 1000
52697 1000
52768 1000
52772 1000
52779 1000
52795 1000
52797 1000
52815 1000
52872 1000
52895 1000
52897 1000
52972 1000
52975 1000
52979 1000
52995 1000
52997 1000
53067 1000
53072 1000
53092 1000
53095 1000
53097 1000
53105 1000
53172 1000
53195 1000
53197 1000
53272 1000
53285 1000
53290 1000
53295 1000
53297 1000
53372 1000
53381 1000
53395 1000
53397 1000
53450 1000
53472 1000
53495 1000
53497 1000
53572 1000
53595 1000
53597 1000
53620 1000
53672 1000
53695 1000
53697 1000
53772 1000
53794 1000
53795 1000
53797 1000
53857 1000
53867 1000
53872 1000
53890 1000
53895 1000
53897 1000
53908 1000
53941 1000
53972 1000
53974 1000
53995 1000
53996 1000
53997 1000
54049 1000
54072 1000
54095 1000
54097 1000
54172 1000
54195 1000
54197 1000
54217 1000
54272 1000
54295 1000
54297 1000
54321 1000
54323 1000
54356 1000
54372 1000
54395 1000
54397 1000
54450 1000
54472 1000
54495 1000
54497 1000
54519 1000
54561 1000
54568 1000
54572 1000
54580 1000
54595 1000
54597 1000
54651 1000
54672 1000
54675 1000
54695 1000
54697 1000
54730 1000
54749 1000
54772 1000
54778 1000
54795 1000
54797 1000
54872 1000
54895 1000
54897 1000
54957 1000
54972 1000
54978 1000
54994 1000
54995 1000
54997 1000
55027 1000
55056 1000
55072 1000
55095 1000
55097 1000
55167 1000
55172 1000
55178 1000
55195 1000
55197 1000
55221 1000
55272 1000
55295 1000
55297 1000
55372 1000
55395 1000
55396 1000
55397 1000
55437 1000
55472 1000
55495 1000
55497 1000
55551 1000
55572 1000
55595 1000
55597 1000
55647 1000
55672 1000
55695 1000
55697 1000
55705 1000
55728 1000
55772 1000
55795 1000
55797 1000
55872 1000
55878 1000
55895 1000
55897 1000
55926 1000
55948 1000
55972 1000
55995 1000
55997 1000
56015 1000
56019 1000
56041 1000
56072 1000
56095 1000
56095 1000
56097 1000
56172 1000
56195 1000
56197 1000
56239 1000
56272 1000
56295 1000
56297 1000
56355 1000
56372 1000
56395 1000
56397 1000
56472 1000
56495 1000
56497 1000
56572 1000
56595 1000
56597 1000
56602 1000
56619 1000
56632 1000
56638 1000
56672 1000
56675 1000
56690 1000
56695 1000
56697 1000
56772 1000
56795 1000
56797 1000
56872 1000
56895 1000
56897 1000
56929 1000
56972 1000
56992 1000
56995 1000
56997 1000
57004 1000
57072 1000
57086 1000
57095 1000
57097 1000
57172 1000
57195 1000
57197 1000
57222 1000
57272 1000
57295 1000
57297 1000
57364 1000
57372 1000
57375 1000
57395 1000
57397 1000
57397 1000
57462 1000
57472 1000
57495 1000
57497 1000
57531 1000
57542 1000
57572 1000
57595 1000
57597 1000
57639 1000
57672 1000
57695 1000
57697 1000
57703 1000
57735 1000
57772 1000
57795 1000
57795 1000
57797 1000
57872 1000
57895 1000
57897 1000
57919 1000
57925 1000
57961 1000
57972 1000
57995 1000
57997 1000
58072 1000
58095 1000
58097 1000
58172 1000
58185 1000
58195 1000
58197 1000
58208 1000
58214 1000
58241 1000
58272 1000
58280 1000
58287 1000
58295 1000
58297 1000
58304 1000
58328 1000
58341 1000
58372 1000
58395 1000
58397 1000
58472 1000
58480 1000
58495 1000
58497 1000
58524 1000
58546 1000
58572 1000
58595 1000
58597 1000
58672 1000
58684 1000
58695 1000
58697 1000
58724 1000
58761 1000
58763 1000
58772 1000
58795 1000
58797 1000
58835 1000
58872 1000
58890 1000
58895 1000
58897 1000
58972 1000
58984 1000
58995 1000
58997 1000
59014 1000
59056 1000
59065 1000
59072 1000
59095 1000
59097 1000
59100 1000
59172 1000
59194 1000
59195 1000
59197 1000
59233 1000
59241 1000
59272 1000
59295 1000
59297 1000
59372 1000
59395 1000
59397 1000
59406 1000
59470 1000
59472 1000
59495 1000
59497 1000
59526 1000
59566 1000
59572 1000
59591 1000
59595 1000
59597 1000
59672 1000
59695 1000
59697 1000
59744 1000
59747 1000
59772 1000
59795 1000
59797 1000
59840 1000
59872 1000
59895 1000
59897 1000
59910 1000
59920 1000
59972 1000
59990 1000
59995 1000
59997 1000
60072 1000
60095 1000
60097 1000
60163 1000
60172 1000
60195 1000
60197 1000
60252 1000
60272 1000
60274 1000
60287 1000
60295 1000
60297 1000
60372 1000
60395 1000
60397 1000
60472 1000
60495 1000
60497 1000
60572 1000
60595 1000
60597 1000
60672 1000
60695 1000
60697 1000
60717 1000
60757 1000
60772 1000
60795 1000
60797 1000
60872 1000
60895 1000
60897 1000
60972 1000
60995 1000
60997 1000
61001 1000
61072 1000
61095 1000
61096 1000
61097 1000
61155 1000
61172 1000
61195 1000
61197 1000
61216 1000
61272 1000
61295 1000
61297 1000
61326 1000
61345 1000
61372 1000
61374 1000
61395 1000
61397 1000
61458 1000
61462 1000
61464 1000
61472 1000
61495 1000
61497 1000
61527 1000
61552 1000
61572 1000
61595 1000
61597 1000
61672 1000
61695 1000
61697 1000
61727 1000
61751 1000
61772 1000
61775 1000
61788 1000
61795 1000
61797 1000
61818 1000
61840 1000
61872 1000
61890 1000
61895 1000
61895 1000
61897 1000
61972 1000
61975 1000
61995 1000
61997 1000
62016 1000
62041 1000
62072 1000
62095 1000
62097 1000
62150 1000
62169 1000
62172 1000
62175 1000
62195 1000
62197 1000
62207 1000
62250 1000
62272 1000
62295 1000
62297 1000
62339 1000
62350 1000
62372 1000
62395 1000
62397 1000
62429 1000
62434 1000
62472 1000
62495 1000
62497 1000
62571 1000
62572 1000
62595 1000
62597 1000
62662 1000
62663 1000
62672 1000
62695 1000
62697 1000
62745 1000
62749 1000
62772 1000
62795 1000
62797 1000
62872 1000
62895 1000
62897 1000
62972 1000
62973 1000
62995 1000
62997 1000
62999 1000
63042 1000
63072 1000
63089 1000
63095 1000
63097 1000
63114 1000
63156 1000
63172 1000
63195 1000
63197 1000
63263 1000
63272 1000
63279 1000
63295 1000
63297 1000
63331 1000
63372 1000
63384 1000
63395 1000
63397 1000
63439 1000
63468 1000
63472 1000
63487 1000
63495 1000
63497 1000
63550 1000
63568 1000
63572 1000
63574 1000
63595 1000
63596 1000
63597 1000
63672 1000
63678 1000
63695 1000
63697 1000
63704 1000
63772 1000
63795 1000
63797 1000
63813 1000
63823 1000
63872 1000
63895 1000
63897 1000
63944 1000
63972 1000
63995 1000
63997 1000
64072 1000
64095 1000
64097 1000
64172 1000
64195 1000
64197 1000
64246 1000
64272 1000
64295 1000
64297 1000
64303 1000
64305 1000
64372 1000
64395 1000
64397 1000
64399 1000
64472 1000
64475 1000
64495 1000
64497 1000
64556 1000
64572 1000
64595 1000
64597 1000
64672 1000
64687 1000
64695 1000
64697 1000
64706 1000
64734 1000
64772 1000
64795 1000
64797 1000
64824 1000
64831 1000
64872 1000
64895 1000
64897 1000
64902 1000
64912 1000
64972 1000
64995 1000
64997 1000
65014 1000
65023 1000
65028 1000
65039 1000
65072 1000
65095 1000
65097 1000
65113 1000
65143 1000
65172 1000
65195 1000
65197 1000
65272 1000
65282 1000
65295 1000
65297 1000
65372 1000
65395 1000
65397 1000
65399 1000
65411 1000
65459 1000
65472 1000
65495 1000
65497 1000
65527 1000
65572 1000
65595 1000
65597 1000
65672 1000
65695 1000
65697 1000
65721 1000
65772 1000
65773 1000
65791 1000
65795 1000
65797 1000
65825 1000
65872 1000
65884 1000
65895 1000
65897 1000
65918 1000
65928 1000
65972 1000
65995 1000
65997 1000
66006 1000
66069 1000
66072 1000
66080 1000
66095 1000
66097 1000
66157 1000
66172 1000
66195 1000
66197 1000
66221 1000
66234 1000
66249 1000
66270 1000
66272 1000
66280 1000
66287 1000
66295 1000
66297 1000
66315 1000
66323 1000
66340 1000
66341 1000
66354 1000
66371 1000
66372 1000
66395 1000
66397 1000
66472 1000
66495 1000
66495 1000
66497 1000
66555 1000
66558 1000
66572 1000
66592 1000
66595 1000
66597 1000
66672 1000
66695 1000
66697 1000
66741 1000
66772 1000
66776 1000
66787 1000
66795 1000
66797 1000
66823 1000
66872 1000
66895 1000
66897 1000
66907 1000
66917 1000
66972 1000
66986 1000
66995 1000
66997 1000
67072 1000
67095 1000
67097 1000
67110 1000
67141 1000
67146 1000
67172 1000
67195 1000
67197 1000
67225 1000
67272 1000
67274 1000
67295 1000
67297 1000
67333 1000
67372 1000
67395 1000
67397 1000
67398 1000
67399 1000
67472 1000
67495 1000
67497 1000
67510 1000
67572 1000
67595 1000
67597 1000
67660 1000
67665 1000
67672 1000
67695 1000
67697 1000
67763 1000
67772 1000
67795 1000
67797 1000
67797 1000
67872 1000
67895 1000
67897 1000
67972 1000
67995 1000
67997 1000
68062 1000
68070 1000
68072 1000
68095 1000
68097 1000
68139 1000
68145 1000
68166 1000
68170 1000
68172 1000
68195 1000
68197 1000
68254 1000
68272 1000
68295 1000
68297 1000
68305 1000
68372 1000
68395 1000
68395 1000
68397 1000
68437 1000
68453 1000
68469 1000
68472 1000
68495 1000
68497 1000
68527 1000
68531 1000
68565 1000
68572 1000
68595 1000
68597 1000
68616 1000
68628 1000
68672 1000
68679 1000
68681 1000
68695 1000
68697 1000
68701 1000
68740 1000
68772 1000
68792 1000
68795 1000
68797 1000
68851 1000
68872 1000
68895 1000
68897 1000
68918 1000
68972 1000
68981 1000
68987 1000
68995 1000
68997 1000
69056 1000
69067 1000
69072 1000
69095 1000
69097 1000
69127 1000
69172 1000
69195 1000
69197 1000
69235 1000
69248 1000
69253 1000
69272 1000
69295 1000
69296 1000
69297 1000
69352 1000
69372 1000
69376 1000
69383 1000
69395 1000
69397 1000
69472 1000
69495 1000
69497 1000
69542 1000
69572 1000
69595 1000
69597 1000
69655 1000
69672 1000
69695 1000
69697 1000
69710 1000
69718 1000
69771 1000
69772 1000
69792 1000
69795 1000
69797 1000
69798 1000
69854 1000
69865 1000
69872 1000
69895 1000
69897 1000
69918 1000
69972 1000
69990 1000
69995 1000
69997 1000
70072 1000
70077 1000
70083 1000
70095 1000
70097 1000
70100 1000
70172 1000
70195 1000
70197 1000
70272 1000
70284 1000
70295 1000
70297 1000
70310 1000
70320 1000
70372 1000
70395 1000
70397 1000
70421 1000
70434 1000
70442 1000
70446 1000
70472 1000
70495 1000
70497 1000
70560 1000
70562 1000
70570 1000
70572 1000
70595 1000
70597 1000
70619 1000
70633 1000
70672 1000
70695 1000
70697 1000
70720 1000
70745 1000
70772 1000
70795 1000
70797 1000
70872 1000
70884 1000
70895 1000
70897 1000
70931 1000
70938 1000
70972 1000
70995 1000
70997 1000
71034 1000
71068 1000
71072 1000
71095 1000
71097 1000
71108 1000
71172 1000
71195 1000
71197 1000
71221 1000
71251 1000
71272 1000
71281 1000
71295 1000
71297 1000
71372 1000
71395 1000
71397 1000
71472 1000
71495 1000
71497 1000
71572 1000
71595 1000
71597 1000
71624 1000
71672 1000
71695 1000
71697 1000
71723 1000
71757 1000
71772 1000
71785 1000
71795 1000
71797 1000
71872 1000
71879 1000
71895 1000
71897 1000
71972 1000
71995 1000
71997 1000
72054 1000
72072 1000
72095 1000
72097 1000
72135 1000
72167 1000
72172 1000
72195 1000
72197 1000
72206 1000
72218 1000
72272 1000
72273 1000
72295 1000
72297 1000
72372 1000
72395 1000
72397 1000
72401 1000
72420 1000
72429 1000
72436 1000
72472 1000
72495 1000
72497 1000
72572 1000
72595 1000
72597 1000
72648 1000
72655 1000
72672 1000
72695 1000
72697 1000
72755 1000
72772 1000
72795 1000
72797 1000
72800 1000
72801 1000
72802 1000
72803 1000
72803 1000
72804 1000
72804 1000
72805 1000
72805 1000
72806 1000
72807 1000
72808 1000
72808 1000
72809 1000
72810 1000
72811 1000
72812 1000
72813 1000
72814 1000
72815 1000
72816 1000
72817 1000
72818 1000
72819 1000
72820 1000
72821 1000
72822 1000
72823 1000
72824 1000
72825 1000
72826 1000
72827 1000
72828 1000
72829 1000
72830 1000
72830 1000
72831 1000
72832 1000
72833 1000
72834 1000
72835 1000
72836 1000
72837 1000
72838 1000
72839 1000
72840 1000
72841 1000
72841 1000
72842 1000
72843 1000
72844 1000
72845 1000
72846 1000
72847 1000
72848 1000
72849 1000
72850 1000
72851 1000
72852 1000
72853 1000
72854 1000
72855 1000
72856 1000
72857 1000
72858 1000
72859 1000
72860 1000
72861 1000
72862 1000
72863 1000
72864 1000
72865 1000
72866 1000
72867 1000
72868 1000
72869 1000
72870 1000
72871 1000
72872 1000
72872 1000
72873 1000
72874 1000
72875 1000
72876 1000
72877 1000
72878 1000
72879 1000
72880 1000
72880 1000
72881 1000
72882 1000
72883 1000
72884 1000
72885 1000
72886 1000
72887 1000
72887 1000
72888 1000
72889 1000
72890 1000
72891 1000
72892 1000
72893 1000
72894 1000
72895 1000
72895 1000
72896 1000
72896 2000
72897 4.000.000DE EUROS
72898 1000
72899 1000
72972  1000
72995 1000
72997 1000
73045 1000
73048 1000
73052 1000
73072 1000
73080 1000
73095 1000
73097 1000
73111 1000
73125 1000
73147 1000
73172 1000
73191 1000
73195 1000
73197 1000
73197 1000
73206 1000
73272 1000
73295 1000
73297 1000
73299 1000
73372 1000
73395 1000
73397 1000
73424 1000
73451 1000
73472 1000
73495 1000
73497 1000
73503 1000
73508 1000
73546 1000
73572 1000
73595 1000
73597 1000
73603 1000
73630 1000
73653 1000
73672 1000
73678 1000
73680 1000
73695 1000
73697 1000
73704 1000
73772 1000
73795 1000
73797 1000
73872 1000
73895 1000
73897 1000
73972 1000
73995 1000
73997 1000
74023 1000
74072 1000
74095 1000
74096 1000
74097 1000
74111 1000
74126 1000
74167 1000
74172 1000
74175 1000
74195 1000
74196 1000
74197 1000
74266 1000
74272 1000
74295 1000
74297 1000
74318 1000
74366 1000
74372 1000
74380 1000
74395 1000
74397 1000
74472 1000
74484 1000
74495 1000
74497 1000
74572 1000
74595 1000
74597 1000
74599 1000
74631 1000
74672 1000
74695 1000
74697 1000
74734 1000
74768 1000
74772 1000
74774 1000
74787 1000
74795 1000
74797 1000
74829 1000
74872 1000
74895 1000
74897 1000
74949 1000
74972 1000
74995 1000
74997 1000
75064 1000
75072 1000
75095 1000
75097 1000
75115 1000
75172 1000
75191 1000
75195 1000
75197 1000
75224 1000
75227 1000
75272 1000
75289 1000
75295 1000
75297 1000
75314 1000
75338 1000
75372 1000
75395 1000
75397 1000
75401 1000
75447 1000
75457 1000
75472 1000
75495 1000
75497 1000
75546 1000
75572 1000
75595 1000
75597 1000
75672 1000
75695 1000
75697 1000
75772 1000
75787 1000
75795 1000
75797 1000
75872 1000
75889 1000
75895 1000
75897 1000
75900 1000
75901 1000
75902 1000
75903 1000
75904 1000
75905 1000
75906 1000
75907 1000
75908 1000
75909 1000
75910 1000
75911 1000
75912 1000
75913 1000
75914 1000
75915 1000
75916 1000
75917 1000
75918 1000
75919 1000
75920 1000
75921 1000
75922 1000
75923 1000
75924 1000
75925 1000
75926 1000
75927 1000
75928 1000
75929 1000
75930 1000
75931 1000
75932 1000
75933 1000
75934 1000
75935 1000
75936 1000
75937 1000
75938 1000
75939 1000
75940 1000
75941 1000
75942 1000
75943 1000
75944 1000
75945 1000
75946 1000
75947 1000
75948 1000
75949 1000
75950 1000
75951 1000
75952 1000
75953 1000
75954 1000
75955 1000
75956 1000
75957 1000
75958 1000
75959 1000
75960 1000
75961 1000
75962 1000
75963 1000
75964 1000
75965 1000
75966 1000
75967 1000
75968 1000
75969 1000
75970 1000
75971 1000
75972 1000
75972 1000
75973 1000
75974 1000
75975 1000
75976 1000
75977 1000
75978 1000
75979 1000
75980 1000
75983 1000
75984 1000
75985 1000
75986 1000
75987 1000
75988 1000
75989 1000
75990 1000
75991 1000
75992 1000
75993 1000
75994 1000
75995 1000
75995 1000
75996 1000
75997 1000
75997 1000
75998 1000
75999 1000
76044 1000
76072 1000
76095 1000
76097 1000
76164 1000
76172 1000
76173 1000
76195 1000
76197 1000
76272 1000
76286 1000
76295 1000
76297 1000
76372 1000
76395 1000
76397 1000
76408 1000
76421 1000
76472 1000
76477 1000
76495 1000
76497 1000
76520 1000
76572 1000
76577 1000
76590 1000
76593 1000
76595 1000
76597 1000
76672 1000
76695 1000
76697 1000
76740 1000
76759 1000
76772 1000
76784 1000
76795 1000
76797 1000
76829 1000
76846 1000
76872 1000
76895 1000
76897 1000
76909 1000
76972 1000
76995 1000
76997 1000
77053 1000
77072 1000
77090 1000
77095 1000
77097 1000
77166 1000
77172 1000
77195 1000
77196 1000
77197 1000
77208 1000
77237 1000
77242 1000
77250 1000
77272 1000
77273 1000
77295 1000
77297 1000
77351 1000
77372 1000
77390 1000
77395 1000
77395 1000
77397 1000
77419 1000
77446 1000
77472 1000
77473 1000
77495 1000
77497 1000
77541 1000
77572 1000
77595 1000
77597 1000
77600 1000
77609 1000
77666 1000
77672 1000
77695 1000
77697 1000
77707 1000
77772 1000
77795 1000
77796 1000
77797 1000
77830 1000
77872 1000
77895 1000
77897 1000
77972 1000
77995 1000
77997 1000
78018 1000
78042 1000
78072 1000
78095 1000
78097 1000
78103 1000
78172 1000
78184 1000
78195 1000
78197 1000
78272 1000
78295 1000
78297 1000
78372 1000
78391 1000
78395 1000
78397 1000
78400 1000
78404 1000
78405 1000
78452 1000
78472 1000
78495 1000
78497 1000
78505 1000
78561 1000
78572 1000
78575 1000
78595 1000
78597 1000
78631 1000
78672 1000
78685 1000
78695 1000
78697 1000
78739 1000
78772 1000
78795 1000
78797 1000
78827 1000
78872 1000
78895 1000
78897 1000
78903 1000
78941 1000
78972 1000
78995 1000
78996 1000
78997 1000
79015 1000
79016 1000
79072 1000
79095 1000
79097 1000
79172 1000
79195 1000
79197 1000
79223 1000
79272 1000
79293 1000
79295 1000
79297 1000
79372 1000
79395 1000
79397 1000
79425 1000
79472 1000
79495 1000
79497 1000
79509 1000
79572 1000
79576 1000
79578 1000
79591 1000
79595 1000
79597 1000
79628 1000
79650 1000
79672 1000
79695 1000
79697 1000
79720 1000
79772 1000
79795 1000
79797 1000
79872 1000
79895 1000
79895 1000
79897 1000
79915 1000
79965 1000
79972 1000
79995 1000
79997 1000
80066 1000
80067 1000
80072 1000
80095 1000
80097 1000
80172 1000
80195 1000
80197 1000
80242 1000
80248 1000
80272 1000
80284 1000
80289 1000
80295 1000
80297 1000
80323 1000
80372 1000
80373 1000
80395 1000
80397 1000
80426 1000
80472 1000
80487 1000
80495 1000
80497 1000
80572 1000
80595 1000
80597 1000
80672 1000
80695 1000
80697 1000
80725 1000
80752 1000
80772 1000
80795 1000
80797 1000
80872 1000
80895 1000
80897 1000
80914 1000
80972 1000
80972 1000
80995 1000
80997 1000
81015 1000
81018 1000
81034 1000
81038 1000
81053 1000
81058 1000
81070 1000
81072 1000
81095 1000
81097 1000
81102 1000
81109 1000
81160 1000
81172 1000
81195 1000
81197 1000
81229 1000
81265 1000
81272 1000
81295 1000
81297 1000
81372 1000
81394 1000
81395 1000
81397 1000
81463 1000
81472 1000
81495 1000
81497 1000
81505 1000
81553 1000
81565 1000
81572 1000
81595 1000
81597 1000
81672 1000
81695 1000
81697 1000
81772 1000
81789 1000
81791 1000
81795 1000
81797 1000
81872 1000
81877 1000
81895 1000
81897 1000
81945 1000
81961 1000
81972 1000
81995 1000
81997 1000
82072 1000
82095 1000
82097 1000
82172 1000
82177 1000
82195 1000
82197 1000
82219 1000
82226 1000
82252 1000
82272 1000
82295 1000
82297 1000
82347 1000
82372 1000
82385 1000
82395 1000
82397 1000
82415 1000
82427 1000
82472 1000
82486 1000
82495 1000
82497 1000
82506 1000
82533 1000
82559 1000
82572 1000
82595 1000
82597 1000
82651 1000
82657 1000
82672 1000
82674 1000
82695 1000
82697 1000
82772 1000
82777 1000
82795 1000
82797 1000
82823 1000
82872 1000
82895 1000
82897 1000
82901 1000
82905 1000
82916 1000
82972 1000
82983 1000
82988 1000
82995 1000
82997 1000
83062 1000
83072 1000
83095 1000
83097 1000
83132 1000
83172 1000
83187 1000
83195 1000
83197 1000
83234 1000
83255 1000
83272 1000
83295 1000
83297 1000
83343 1000
83357 1000
83372 1000
83379 1000
83387 1000
83395 1000
83395 1000
83396 1000
83397 1000
83454 1000
83472 1000
83495 1000
83497 1000
83572 1000
83595 1000
83597 1000
83672 1000
83677 1000
83694 1000
83695 1000
83697 1000
83713 1000
83730 1000
83744 1000
83772 1000
83784 1000
83795 1000
83797 1000
83803 1000
83872 1000
83895 1000
83897 1000
83972 1000
83974 1000
83995 1000
83997 1000
84041 1000
84072 1000
84095 1000
84097 1000
84145 1000
84163 1000
84172 1000
84195 1000
84197 1000
84212 1000
84258 1000
84260 1000
84272 1000
84290 1000
84295 1000
84297 1000
84301 1000
84328 1000
84331 1000
84351 1000
84372 1000
84375 1000
84395 1000
84397 1000
84472 1000
84495 1000
84497 1000
84516 1000
84572 1000
84595 1000
84597 1000
84672 1000
84689 1000
84695 1000
84697 1000
84705 1000
84742 1000
84772 1000
84795 1000
84797 1000
84804 1000
84829 1000
84872 1000
84895 1000
84897 1000
84972 1000
84995 1000
84997 1000
85072 1000
85095 1000
85097 1000
85109 1000
85172 1000
85195 1000
85197 1000
85199 1000
85222 1000
85265 1000
85271 1000
85272 1000
85295 1000
85297 1000
85372 1000
85395 1000
85397 1000
85472 1000
85480 1000
85495 1000
85497 1000
85543 1000
85553 1000
85570 1000
85572 1000
85595 1000
85597 1000
85614 1000
85650 1000
85657 1000
85672 1000
85695 1000
85697 1000
85697 1000
85704 1000
85749 1000
85761 1000
85772 1000
85795 1000
85797 1000
85844 1000
85872 1000
85895 1000
85897 1000
85933 1000
85959 1000
85972 1000
85995 1000
85997 1000
86051 1000
86072 1000
86095 1000
86097 1000
86172 1000
86195 1000
86197 1000
86228 1000
86272 1000
86295 1000
86297 1000
86335 1000
86336 1000
86372 1000
86395 1000
86397 1000
86468 1000
86472 1000
86495 1000
86497 1000
86510 1000
86538 1000
86569 1000
86572 1000
86593 1000
86595 1000
86597 1000
86622 1000
86623 1000
86672 1000
86682 1000
86695 1000
86697 1000
86713 1000
86772 1000
86795 1000
86797 1000
86814 1000
86872 1000
86895 1000
86897 1000
86972 1000
86997 1000
87072 1000
87095 1000
87097 1000
87149 1000
87172 1000
87195 1000
87197 1000
87272 1000
87274 1000
87295 1000
87297 1000
87312 1000
87318 1000
87372 1000
87395 1000
87397 1000
87401 1000
87414 1000
87472 1000
87495 1000
87497 1000
87543 1000
87572 1000
87595 1000
87597 1000
87665 1000
87672 1000
87695 1000
87697 1000
87767 1000
87772 1000
87795 1000
87797 1000
87832 1000
87842 1000
87872 1000
87890 1000
87895 1000
87897 1000
87943 1000
87972 1000
87995 1000
87997 1000
88018 1000
88049 1000
88072 1000
88095 1000
88097 1000
88172 1000
88195 1000
88197 1000
88204 1000
88218 1000
88222 1000
88269 1000
88272 1000
88295 1000
88297 1000
88301 1000
88306 1000
88332 1000
88372 1000
88374 1000
88391 1000
88395 1000
88397 1000
88472 1000
88492 1000
88495 1000
88497 1000
88555 1000
88568 1000
88572 1000
88576 1000
88595 1000
88597 1000
88605 1000
88672 1000
88695 1000
88697 1000
88737 1000
88767 1000
88772 1000
88795 1000
88797 1000
88854 1000
88861 1000
88871 1000
88872 1000
88895 1000
88897 1000
88972 1000
88995 1000
88997 1000
89056 1000
89072 1000
89095 1000
89097 1000
89123 1000
89137 1000
89172 1000
89195 1000
89197 1000
89210 1000
89272 1000
89295 1000
89297 1000
89363 1000
89372 1000
89385 1000
89395 1000
89397 1000
89448 1000
89472 1000
89495 1000
89497 1000
89506 1000
89563 1000
89572 1000
89595 1000
89597 1000
89611 1000
89615 1000
89657 1000
89660 1000
89661 1000
89670 1000
89672 1000
89695 1000
89697 1000
89704 1000
89744 1000
89772 1000
89789 1000
89795 1000
89797 1000
89872 1000
89895 1000
89897 1000
89897 1000
89952 1000
89972 1000
89995 1000
89997 1000
90072 1000
90085 1000
90095 1000
90097 1000
90115 1000
90172 1000
90195 1000
90197 1000
90272 1000
90295 1000
90297 1000
90347 1000
90372 1000
90379 1000
90395 1000
90397 1000
90397 1000
90472 1000
90495 1000
90497 1000
90520 1000
90535 1000
90572 1000
90595 1000
90597 1000
90611 1000
90646 1000
90672 1000
90695 1000
90697 1000
90748 1000
90772 1000
90772 1000
90795 1000
90797 1000
90797 1000
90828 1000
90872 1000
90895 1000
90897 1000
90972 1000
90995 1000
90997 1000
91022 1000
91031 1000
91072 1000
91095 1000
91097 1000
91172 1000
91182 1000
91195 1000
91197 1000
91244 1000
91272 1000
91274 1000
91295 1000
91297 1000
91315 1000
91321 1000
91346 1000
91372 1000
91395 1000
91397 1000
91472 1000
91478 1000
91495 1000
91497 1000
91538 1000
91572 1000
91595 1000
91597 1000
91597 1000
91628 1000
91668 1000
91672 1000
91695 1000
91697 1000
91772 1000
91788 1000
91795 1000
91797 1000
91824 1000
91872 1000
91895 1000
91897 1000
91972 1000
91995 1000
91997 1000
92019 1000
92041 1000
92047 1000
92072 1000
92095 1000
92097 1000
92133 1000
92142 1000
92172 1000
92195 1000
92197 1000
92272 1000
92295 1000
92297 1000
92315 1000
92341 1000
92361 1000
92372 1000
92395 1000
92397 1000
92425 1000
92433 1000
92443 1000
92472 1000
92476 1000
92495 1000
92497 1000
92549 1000
92550 1000
92572 1000
92595 1000
92597 1000
92610 1000
92633 1000
92641 1000
92672 1000
92695 1000
92697 1000
92697 1000
92725 1000
92772 1000
92795 1000
92797 1000
92807 1000
92808 1000
92872 1000
92895 1000
92897 1000
92917 1000
92972 1000
92991 1000
92995 1000
92997 1000
93008 1000
93009 1000
93072 1000
93095 1000
93097 1000
93108 1000
93171 1000
93172 1000
93195 1000
93197 1000
93222 1000
93272 1000
93295 1000
93297 1000
93372 1000
93395 1000
93397 1000
93419 1000
93472 1000
93473 1000
93477 1000
93495 1000
93497 1000
93550 1000
93572 1000
93595 1000
93597 1000
93604 1000
93616 1000
93672 1000
93695 1000
93697 1000
93772 1000
93795 1000
93797 1000
93820 1000
93872 1000
93895 1000
93897 1000
93972 1000
93995 1000
93997 1000
94057 1000
94072 1000
94095 1000
94097 1000
94172 1000
94195 1000
94197 1000
94225 1000
94272 1000
94295 1000
94297 1000
94343 1000
94372 1000
94385 1000
94395 1000
94397 1000
94430 1000
94472 1000
94495 1000
94497 1000
94564 1000
94572 1000
94595 1000
94597 1000
94610 1000
94634 1000
94649 1000
94672 1000
94695 1000
94697 1000
94706 1000
94761 1000
94772 1000
94788 1000
94792 1000
94795 1000
94797 1000
94839 1000
94872 1000
94885 1000
94895 1000
94897 1000
94906 1000
94941 1000
94972 1000
94995 1000
94997 1000
95019 1000
95033 1000
95072 1000
95095 1000
95097 1000
95105 1000
95172 1000
95195 1000
95197 1000
95272 1000
95295 1000
95297 1000
95315 1000
95332 1000
95372 1000
95387 1000
95395 1000
95397 1000
95405 1000
95451 1000
95472 1000
95494 1000
95495 1000
95497 1000
95511 1000
95512 1000
95558 1000
95572 1000
95595 1000
95597 1000
95664 1000
95672 1000
95679 1000
95695 1000
95697 1000
95708 1000
95720 1000
95728 1000
95760 1000
95772 1000
95795 1000
95797 1000
95806 1000
95849 1000
95872 1000
95887 1000
95895 1000
95897 1000
95972 1000
95977 1000
95995 1000
95997 1000
96021 1000
96069 1000
96072 1000
96092 1000
96095 1000
96097 1000
96172 1000
96172 1000
96195 1000
96197 1000
96213 1000
96267 1000
96272 1000
96282 1000
96295 1000
96297 1000
96341 1000
96372 1000
96395 1000
96397 1000
96451 1000
96471 1000
96472 1000
96495 1000
96497 1000
96539 1000
96545 1000
96572 1000
96595 1000
96597 1000
96672 1000
96695 1000
96697 1000
96772 1000
96795 1000
96797 1000
96824 1000
96872 1000
96892 1000
96895 1000
96897 1000
96972 1000
96989 1000
96993 1000
96995 1000
96997 1000
97008 1000
97011 1000
97038 1000
97072 1000
97088 1000
97093 1000
97095 1000
97097 1000
97112 1000
97172 1000
97195 1000
97197 1000
97216 1000
97272 1000
97295 1000
97297 1000
97302 1000
97372 1000
97395 1000
97397 1000
97427 1000
97472 1000
97495 1000
97497 1000
97530 1000
97552 1000
97561 1000
97569 1000
97572 1000
97593 1000
97595 1000
97597 1000
97604 1000
97637 1000
97672 1000
97695 1000
97697 1000
97772 1000
97795 1000
97797 1000
97829 1000
97832 1000
97872 1000
97889 1000
97895 1000
97897 1000
97935 1000
97954 1000
97967 1000
97969 1000
97972 1000
97974 1000
97995 1000
97997 1000
97999 1000
98032 1000
98072 1000
98090 1000
98095 1000
98097 1000
98157 1000
98163 1000
98172 1000
98195 1000
98197 1000
98204 1000
98239 1000
98263 1000
98272 1000
98285 1000
98295 1000
98297 1000
98306 1000
98327 1000
98372 1000
98395 1000
98397 1000
98415 1000
98451 1000
98472 1000
98495 1000
98497 1000
98506 1000
98516 1000
98572 1000
98592 1000
98595 1000
98597 1000
98672 1000
98695 1000
98697 1000
98770 1000
98772 1000
98795 1000
98797 1000
98846 1000
98860 1000
98872 1000
98895 1000
98897 1000
98899 1000
98901 1000
98972 1000
98995 1000
98997 1000
99022 1000
99041 1000
99061 1000
99072 1000
99095 1000
99097 1000
99111 1000
99163 1000
99172 1000
99195 1000
99197 1000
99210 1000
99211 1000
99272 1000
99280 1000
99295 1000
99297 1000
99372 1000
99395 1000
99397 1000
99424 1000
99472 1000
99493 1000
99495 1000
99497 1000
99566 1000
99572 1000
99584 1000
99589 1000
99595 1000
99597 1000
99622 1000
99672 1000
99695 1000
99697 1000
99713 1000
99772 1000
99775 1000
99791 1000
99795 1000
99797 1000
99802 1000
99872 1000
99895 1000
99897 1000
99972 1000
99979 1000
99995 1000
99997 1000
